1742546542868 0.6842857003211975 0
1742546543261 0.7071428298950195 1
1742546544067 0.7300000190734863 2
1742546544551 0.741428554058075 3
1742546544674 0.758571445941925 4
1742546545164 0.7757142782211304 5
1742546545272 0.8028571605682373 6
1742546545673 0.808571457862854 7
1742546546103 0.8171428442001343 8
1742546546540 0.822857141494751 9
1742546547008 0.8500000238418579 10
1742546547119 0.8614285588264465 11
1742546547229 0.8757143020629883 12
1742546547758 0.8799999952316284 13
1742546547938 0.8999999761581421 14
1742546548080 0.9171428680419922 15
1742546548191 0.9085714221000671 16
1742546548613 0.9157142639160156 17
1742546548721 0.9085714221000671 18
1742546548832 0.9214285612106323 19
1742546548938 0.9457142949104309 20
1742546549039 0.9657142758369446 21
1742546549140 0.9742857217788696 22
1742546549241 0.9714285731315613 23
1742546549345 0.9728571176528931 24
1742546549748 0.9928571581840515 25
1742546549849 0.9957143068313599 26
1742546549948 0.9942857027053833 27
1742546550043 0.991428554058075 28
1742546550141 0.9900000095367432 29
1742546550301 0.9871428608894348 30
1742546550400 0.9757142663002014 31
1742546550501 0.9871428608894348 32
1742546550599 0.9885714054107666 33
1742546550697 0.9928571581840515 34
1742546550796 0.9871428608894348 35
1742546550897 0.9957143068313599 36
1742546551001 0.9928571581840515 37
1742546551096 0.9942857027053833 38
1742546551194 0.9900000095367432 39
1742546551303 0.9985714554786682 40
