1742546542868 0.0042250496335327625 0
1742546543261 0.0042250496335327625 1
1742546544067 0.0042250496335327625 2
1742546544551 0.0042250496335327625 3
1742546544674 0.0042250496335327625 4
1742546545164 0.0042250496335327625 5
1742546545272 0.0042250496335327625 6
1742546545673 0.0042250496335327625 7
1742546546103 0.0042250496335327625 8
1742546546540 0.0042250496335327625 9
1742546547008 0.0042250496335327625 10
1742546547119 0.0042250496335327625 11
1742546547229 0.0042250496335327625 12
1742546547758 0.0042250496335327625 13
1742546547938 0.0042250496335327625 14
1742546548080 0.0042250496335327625 15
1742546548191 0.0042250496335327625 16
1742546548613 0.0042250496335327625 17
1742546548721 0.0042250496335327625 18
1742546548832 0.0042250496335327625 19
1742546548938 0.0042250496335327625 20
1742546549039 0.0042250496335327625 21
1742546549140 0.0042250496335327625 22
1742546549241 0.0042250496335327625 23
1742546549345 0.0042250496335327625 24
1742546549748 0.0042250496335327625 25
1742546549849 0.0042250496335327625 26
1742546549948 0.0042250496335327625 27
1742546550043 0.0042250496335327625 28
1742546550141 0.0042250496335327625 29
1742546550301 0.0042250496335327625 30
1742546550400 0.0042250496335327625 31
1742546550501 0.0042250496335327625 32
1742546550599 0.0042250496335327625 33
1742546550697 0.0042250496335327625 34
1742546550796 0.0042250496335327625 35
1742546550897 0.0042250496335327625 36
1742546551001 0.0042250496335327625 37
1742546551096 0.0042250496335327625 38
1742546551194 0.0042250496335327625 39
1742546551303 0.0042250496335327625 40
