1742546542868 0.6510708332061768 0
1742546543261 0.5843948721885681 1
1742546544067 0.5526675581932068 2
1742546544551 0.5040006637573242 3
1742546544674 0.48206374049186707 4
1742546545164 0.460857093334198 5
1742546545272 0.4405997693538666 6
1742546545673 0.4177854359149933 7
1742546546103 0.39759138226509094 8
1742546546540 0.37456247210502625 9
1742546547008 0.3557680547237396 10
1742546547119 0.3243728280067444 11
1742546547229 0.2882424592971802 12
1742546547758 0.275691956281662 13
1742546547938 0.2359737753868103 14
1742546548080 0.21242931485176086 15
1742546548191 0.2212708592414856 16
1742546548613 0.21098962426185608 17
1742546548721 0.20774336159229279 18
1742546548832 0.18755486607551575 19
1742546548938 0.1515909880399704 20
1742546549039 0.11009129881858826 21
1742546549140 0.0895741805434227 22
1742546549241 0.07706117630004883 23
1742546549345 0.06553701311349869 24
1742546549748 0.04439255967736244 25
1742546549849 0.03397475928068161 26
1742546549948 0.030912792310118675 27
1742546550043 0.031682368367910385 28
1742546550141 0.03092975914478302 29
1742546550301 0.044650252908468246 30
1742546550400 0.046830564737319946 31
1742546550501 0.03615294769406319 32
1742546550599 0.03345884010195732 33
1742546550697 0.0281537976115942 34
1742546550796 0.030106857419013977 35
1742546550897 0.01940597966313362 36
1742546551001 0.020851554349064827 37
1742546551096 0.022313065826892853 38
1742546551194 0.023258866742253304 39
1742546551303 0.013240976259112358 40
