1742547012660 0.6499999761581421 0
1742547013093 0.7114285826683044 1
1742547013193 0.7357142567634583 2
1742547013583 0.7485714554786682 3
1742547013977 0.7571428418159485 4
1742547014341 0.7771428823471069 5
1742547014711 0.7900000214576721 6
1742547015085 0.795714259147644 7
1742547015472 0.8142856955528259 8
1742547015876 0.822857141494751 9
1742547016253 0.8414285778999329 10
1742547016357 0.8585714101791382 11
1742547016457 0.8700000047683716 12
1742547016826 0.881428599357605 13
1742547017308 0.8928571343421936 14
1742547017417 0.8971428275108337 15
1742547017524 0.8971428275108337 16
1742547017969 0.9014285802841187 17
1742547018069 0.9257143139839172 18
1742547018173 0.9214285612106323 19
1742547018279 0.9300000071525574 20
1742547018382 0.9557142853736877 21
1742547018488 0.949999988079071 22
1742547019224 0.9685714244842529 23
1742547019671 0.9814285635948181 24
1742547019779 0.9871428608894348 25
1742547019901 0.9885714054107666 26
1742547020029 0.9828571677207947 27
1742547020144 0.977142870426178 28
1742547020245 0.9785714149475098 29
1742547020348 0.9857142567634583 30
1742547020451 0.9942857027053833 31
1742547020551 0.9957143068313599 32
1742547020650 0.9942857027053833 33
1742547020756 0.9971428513526917 34
1742547020860 0.9957143068313599 35
1742547020966 0.9971428513526917 36
1742547021067 0.9957143068313599 37
1742547021227 0.9985714554786682 38
1742547021332 1.0 39
