1742547012660 0.0042250496335327625 0
1742547013093 0.0042250496335327625 1
1742547013193 0.0042250496335327625 2
1742547013583 0.0042250496335327625 3
1742547013977 0.0042250496335327625 4
1742547014341 0.0042250496335327625 5
1742547014711 0.0042250496335327625 6
1742547015085 0.0042250496335327625 7
1742547015472 0.0042250496335327625 8
1742547015876 0.0042250496335327625 9
1742547016253 0.0042250496335327625 10
1742547016357 0.0042250496335327625 11
1742547016457 0.0042250496335327625 12
1742547016826 0.0042250496335327625 13
1742547017308 0.0042250496335327625 14
1742547017417 0.0042250496335327625 15
1742547017524 0.0042250496335327625 16
1742547017969 0.0042250496335327625 17
1742547018069 0.0042250496335327625 18
1742547018173 0.0042250496335327625 19
1742547018279 0.0042250496335327625 20
1742547018382 0.0042250496335327625 21
1742547018488 0.0042250496335327625 22
1742547019224 0.0042250496335327625 23
1742547019671 0.0042250496335327625 24
1742547019779 0.0042250496335327625 25
1742547019901 0.0042250496335327625 26
1742547020029 0.0042250496335327625 27
1742547020144 0.0042250496335327625 28
1742547020245 0.0042250496335327625 29
1742547020348 0.0042250496335327625 30
1742547020451 0.0042250496335327625 31
1742547020551 0.0042250496335327625 32
1742547020650 0.0042250496335327625 33
1742547020756 0.0042250496335327625 34
1742547020860 0.0042250496335327625 35
1742547020966 0.0042250496335327625 36
1742547021067 0.0042250496335327625 37
1742547021227 0.0042250496335327625 38
1742547021332 0.0042250496335327625 39
