1742547012660 0.7291720509529114 0
1742547013093 0.5818220376968384 1
1742547013193 0.5560048222541809 2
1742547013583 0.5109884142875671 3
1742547013977 0.48807862401008606 4
1742547014341 0.45485764741897583 5
1742547014711 0.44115200638771057 6
1742547015085 0.4252983331680298 7
1742547015472 0.39709725975990295 8
1742547015876 0.38423845171928406 9
1742547016253 0.35280799865722656 10
1742547016357 0.33201128244400024 11
1742547016457 0.31676185131073 12
1742547016826 0.28426551818847656 13
1742547017308 0.26766055822372437 14
1742547017417 0.24074041843414307 15
1742547017524 0.23027771711349487 16
1742547017969 0.2135111540555954 17
1742547018069 0.18407969176769257 18
1742547018173 0.20423762500286102 19
1742547018279 0.15419194102287292 20
1742547018382 0.12509818375110626 21
1742547018488 0.11602658778429031 22
1742547019224 0.08587905764579773 23
1742547019671 0.065700963139534 24
1742547019779 0.053288839757442474 25
1742547019901 0.05292322486639023 26
1742547020029 0.055784910917282104 27
1742547020144 0.053814101964235306 28
1742547020245 0.05148660019040108 29
1742547020348 0.04197072610259056 30
1742547020451 0.02693185582756996 31
1742547020551 0.023824434727430344 32
1742547020650 0.01635640114545822 33
1742547020756 0.014947526156902313 34
1742547020860 0.016210949048399925 35
1742547020966 0.011761070229113102 36
1742547021067 0.021904313936829567 37
1742547021227 0.012992452830076218 38
1742547021332 0.010226297192275524 39
