1742541240973 0.6128571629524231 0
1742541241563 0.7099999785423279 1
1742541241833 0.7128571271896362 2
1742541242250 0.7342857122421265 3
1742541242527 0.7314285635948181 4
1742541242621 0.7400000095367432 5
1742541242706 0.7557142972946167 6
1742541243083 0.7514285445213318 7
1742541243653 0.7671428322792053 8
1742541244279 0.7542856931686401 9
1742541245010 0.7771428823471069 10
1742541245287 0.7671428322792053 11
1742541245378 0.7742857336997986 12
1742541245762 0.7799999713897705 13
1742541246451 0.7828571200370789 14
1742541246997 0.7942857146263123 15
1742541247309 0.7885714173316956 16
1742541247408 0.800000011920929 17
1742541247502 0.8014285564422607 18
1742541247904 0.8185714483261108 19
1742541248476 0.8357142806053162 20
1742541249048 0.8214285969734192 21
1742541249327 0.8285714387893677 22
1742541249816 0.8371428847312927 23
1742541250419 0.8500000238418579 24
1742541251028 0.8471428751945496 25
1742541251305 0.868571400642395 26
1742541251708 0.8785714507102966 27
1742541252291 0.8700000047683716 28
1742541252561 0.8671428561210632 29
1742541252652 0.8828571438789368 30
1742541253052 0.8885714411735535 31
1742541253322 0.9014285802841187 32
1742541253414 0.8928571343421936 33
1742541253497 0.904285728931427 34
1742541253585 0.9100000262260437 35
1742541253973 0.9071428775787354 36
1742541254243 0.9200000166893005 37
1742541254328 0.9314285516738892 38
1742541254709 0.918571412563324 39
1742541254983 0.9314285516738892 40
1742541255375 0.9242857098579407 41
1742541255685 0.9328571557998657 42
1742541255778 0.9442856907844543 43
1742541255878 0.9342857003211975 44
1742541256299 0.9314285516738892 45
1742541256553 0.949999988079071 46
1742541256646 0.9571428298950195 47
1742541256729 0.9528571367263794 48
1742541256817 0.9428571462631226 49
1742541256906 0.9457142949104309 50
1742541257003 0.9628571271896362 51
1742541257098 0.9628571271896362 52
1742541257189 0.9599999785423279 53
1742541257278 0.977142870426178 54
1742541257370 0.9599999785423279 55
1742541257463 0.9657142758369446 56
1742541257554 0.9528571367263794 57
1742541257643 0.9614285826683044 58
1742541257727 0.9728571176528931 59
1742541257816 0.9614285826683044 60
1742541265258 0.6428571343421936 0
1742541265672 0.6557142734527588 1
1742541265768 0.7171428799629211 2
1742541266270 0.7357142567634583 3
1742541266366 0.7599999904632568 4
1742541266767 0.75 5
1742541266869 0.7714285850524902 6
1742541266983 0.7714285850524902 7
1742541267439 0.8014285564422607 8
1742541267852 0.8114285469055176 9
1742541268267 0.8199999928474426 10
1742541268664 0.8357142806053162 11
1742541268760 0.854285717010498 12
1742541269149 0.8600000143051147 13
1742541269244 0.8642857074737549 14
1742541269339 0.8985714316368103 15
1742541269435 0.8857142925262451 16
1742541269534 0.9228571653366089 17
1742541269636 0.9100000262260437 18
1742541269738 0.9328571557998657 19
1742541269831 0.9285714030265808 20
1742541270054 0.941428542137146 21
1742541270173 0.9371428489685059 22
1742541270576 0.9128571152687073 23
1742541270672 0.9342857003211975 24
1742541270778 0.9614285826683044 25
1742541270875 0.9557142853736877 26
1742541270971 0.9614285826683044 27
1742541271365 0.9785714149475098 28
1742541271763 0.9871428608894348 29
1742541271869 0.9885714054107666 30
1742541272278 0.9957143068313599 31
1742541272374 0.9942857027053833 32
1742541272470 0.9900000095367432 33
1742541272571 0.9928571581840515 34
1742541272672 0.9928571581840515 35
1742541272776 0.9900000095367432 36
1742541272877 0.9928571581840515 37
1742541272976 0.991428554058075 38
1742541273082 0.9942857027053833 39
1742541273176 0.9985714554786682 40
1742541273271 0.9942857027053833 41
1742541273368 0.9900000095367432 42
1742541273470 0.9942857027053833 43
1742541273567 0.9957143068313599 44
1742541273664 0.9985714554786682 45
1742541273758 0.9985714554786682 46
