1742541240973 0.0019329842180013657 0
1742541241563 0.0019329842180013657 1
1742541241833 0.0019329842180013657 2
1742541242250 0.0019329842180013657 3
1742541242527 0.0019329842180013657 4
1742541242621 0.0019329842180013657 5
1742541242706 0.0019329842180013657 6
1742541243083 0.0019329842180013657 7
1742541243653 0.0019329842180013657 8
1742541244279 0.0019329842180013657 9
1742541245010 0.0019329842180013657 10
1742541245287 0.0019329842180013657 11
1742541245378 0.0019329842180013657 12
1742541245762 0.0019329842180013657 13
1742541246451 0.0019329842180013657 14
1742541246997 0.0019329842180013657 15
1742541247309 0.0019329842180013657 16
1742541247408 0.0019329842180013657 17
1742541247502 0.0019329842180013657 18
1742541247904 0.0019329842180013657 19
1742541248476 0.0019329842180013657 20
1742541249048 0.0019329842180013657 21
1742541249327 0.0019329842180013657 22
1742541249816 0.0019329842180013657 23
1742541250419 0.0019329842180013657 24
1742541251028 0.0019329842180013657 25
1742541251305 0.0019329842180013657 26
1742541251708 0.0019329842180013657 27
1742541252291 0.0019329842180013657 28
1742541252561 0.0019329842180013657 29
1742541252652 0.0019329842180013657 30
1742541253052 0.0019329842180013657 31
1742541253322 0.0019329842180013657 32
1742541253414 0.0019329842180013657 33
1742541253497 0.0019329842180013657 34
1742541253585 0.0019329842180013657 35
1742541253973 0.0019329842180013657 36
1742541254243 0.0019329842180013657 37
1742541254328 0.0019329842180013657 38
1742541254709 0.0019329842180013657 39
1742541254983 0.0019329842180013657 40
1742541255375 0.0019329842180013657 41
1742541255685 0.0019329842180013657 42
1742541255778 0.0019329842180013657 43
1742541255878 0.0019329842180013657 44
1742541256299 0.0019329842180013657 45
1742541256553 0.0019329842180013657 46
1742541256646 0.0019329842180013657 47
1742541256729 0.0019329842180013657 48
1742541256817 0.0019329842180013657 49
1742541256906 0.0019329842180013657 50
1742541257003 0.0019329842180013657 51
1742541257098 0.0019329842180013657 52
1742541257189 0.0019329842180013657 53
1742541257278 0.0019329842180013657 54
1742541257370 0.0019329842180013657 55
1742541257463 0.0019329842180013657 56
1742541257554 0.0019329842180013657 57
1742541257643 0.0019329842180013657 58
1742541257727 0.0019329842180013657 59
1742541257816 0.0019329842180013657 60
1742541265258 0.0042250496335327625 0
1742541265672 0.0042250496335327625 1
1742541265768 0.0042250496335327625 2
1742541266270 0.0042250496335327625 3
1742541266366 0.0042250496335327625 4
1742541266767 0.0042250496335327625 5
1742541266869 0.0042250496335327625 6
1742541266983 0.0042250496335327625 7
1742541267439 0.0042250496335327625 8
1742541267852 0.0042250496335327625 9
1742541268267 0.0042250496335327625 10
1742541268664 0.0042250496335327625 11
1742541268760 0.0042250496335327625 12
1742541269149 0.0042250496335327625 13
1742541269244 0.0042250496335327625 14
1742541269339 0.0042250496335327625 15
1742541269435 0.0042250496335327625 16
1742541269534 0.0042250496335327625 17
1742541269636 0.0042250496335327625 18
1742541269738 0.0042250496335327625 19
1742541269831 0.0042250496335327625 20
1742541270054 0.0042250496335327625 21
1742541270173 0.0042250496335327625 22
1742541270576 0.0042250496335327625 23
1742541270672 0.0042250496335327625 24
1742541270778 0.0042250496335327625 25
1742541270875 0.0042250496335327625 26
1742541270971 0.0042250496335327625 27
1742541271365 0.0042250496335327625 28
1742541271763 0.0042250496335327625 29
1742541271869 0.0042250496335327625 30
1742541272278 0.0042250496335327625 31
1742541272374 0.0042250496335327625 32
1742541272470 0.0042250496335327625 33
1742541272571 0.0042250496335327625 34
1742541272672 0.0042250496335327625 35
1742541272776 0.0042250496335327625 36
1742541272877 0.0042250496335327625 37
1742541272976 0.0042250496335327625 38
1742541273082 0.0042250496335327625 39
1742541273176 0.0042250496335327625 40
1742541273271 0.0042250496335327625 41
1742541273368 0.0042250496335327625 42
1742541273470 0.0042250496335327625 43
1742541273567 0.0042250496335327625 44
1742541273664 0.0042250496335327625 45
1742541273758 0.0042250496335327625 46
