1742541240973 0.6872661709785461 0
1742541241563 0.6169614791870117 1
1742541241833 0.5806325078010559 2
1742541242250 0.5695124864578247 3
1742541242527 0.551323652267456 4
1742541242621 0.5396790504455566 5
1742541242706 0.5270395278930664 6
1742541243083 0.5042375326156616 7
1742541243653 0.4881715476512909 8
1742541244279 0.4879048764705658 9
1742541245010 0.47327929735183716 10
1742541245287 0.4710429608821869 11
1742541245378 0.457996129989624 12
1742541245762 0.45791691541671753 13
1742541246451 0.4425205886363983 14
1742541246997 0.4341815710067749 15
1742541247309 0.42664581537246704 16
1742541247408 0.4167341887950897 17
1742541247502 0.4048446714878082 18
1742541247904 0.39248499274253845 19
1742541248476 0.3723517656326294 20
1742541249048 0.38847965002059937 21
1742541249327 0.3655072748661041 22
1742541249816 0.3591901361942291 23
1742541250419 0.35559654235839844 24
1742541251028 0.33923426270484924 25
1742541251305 0.3092963397502899 26
1742541251708 0.3100908398628235 27
1742541252291 0.3121945858001709 28
1742541252561 0.2825552225112915 29
1742541252652 0.28404340147972107 30
1742541253052 0.2735231816768646 31
1742541253322 0.2509714961051941 32
1742541253414 0.2502548396587372 33
1742541253497 0.22809071838855743 34
1742541253585 0.22408714890480042 35
1742541253973 0.23187574744224548 36
1742541254243 0.22113627195358276 37
1742541254328 0.19534561038017273 38
1742541254709 0.2037932425737381 39
1742541254983 0.17471562325954437 40
1742541255375 0.17472870647907257 41
1742541255685 0.1747862696647644 42
1742541255778 0.16169185936450958 43
1742541255878 0.1672438383102417 44
1742541256299 0.15623034536838531 45
1742541256553 0.1434362828731537 46
1742541256646 0.1336115300655365 47
1742541256729 0.1215144470334053 48
1742541256817 0.13950644433498383 49
1742541256906 0.12759912014007568 50
1742541257003 0.10506688803434372 51
1742541257098 0.11285369843244553 52
1742541257189 0.12552186846733093 53
1742541257278 0.08902283012866974 54
1742541257370 0.10022556036710739 55
1742541257463 0.09812717884778976 56
1742541257554 0.10746181011199951 57
1742541257643 0.0968981385231018 58
1742541257727 0.08113754540681839 59
1742541257816 0.08908230811357498 60
1742541265258 0.7284582853317261 0
1742541265672 0.6155502200126648 1
1742541265768 0.574146568775177 2
1742541266270 0.543199360370636 3
1742541266366 0.5025676488876343 4
1742541266767 0.48678430914878845 5
1742541266869 0.4617161750793457 6
1742541266983 0.4534449577331543 7
1742541267439 0.4328843355178833 8
1742541267852 0.4136998951435089 9
1742541268267 0.3945050537586212 10
1742541268664 0.36414244771003723 11
1742541268760 0.3444834351539612 12
1742541269149 0.3164640963077545 13
1742541269244 0.29914751648902893 14
1742541269339 0.2715543210506439 15
1742541269435 0.24969421327114105 16
1742541269534 0.21567659080028534 17
1742541269636 0.2089095264673233 18
1742541269738 0.17400559782981873 19
1742541269831 0.16418272256851196 20
1742541270054 0.14672918617725372 21
1742541270173 0.17042264342308044 22
1742541270576 0.20388369262218475 23
1742541270672 0.15810304880142212 24
1742541270778 0.12439890950918198 25
1742541270875 0.10457072407007217 26
1742541270971 0.09329153597354889 27
1742541271365 0.06880702823400497 28
1742541271763 0.05194815620779991 29
1742541271869 0.04453446343541145 30
1742541272278 0.028975214809179306 31
1742541272374 0.02995161898434162 32
1742541272470 0.03082341141998768 33
1742541272571 0.02833653800189495 34
1742541272672 0.029223302379250526 35
1742541272776 0.029164908453822136 36
1742541272877 0.02798975445330143 37
1742541272976 0.02524726651608944 38
1742541273082 0.020670725032687187 39
1742541273176 0.014763322658836842 40
1742541273271 0.025950226932764053 41
1742541273368 0.026428500190377235 42
1742541273470 0.019380701705813408 43
1742541273567 0.014955961145460606 44
1742541273664 0.00956900417804718 45
1742541273758 0.00658732745796442 46
