1742313736954 0.6528571248054504 0
1742313737354 0.6885714530944824 1
1742313737707 0.7185714244842529 2
1742313737821 0.7400000095367432 3
1742313738172 0.75 4
1742313738271 0.7442857027053833 5
1742313738626 0.7857142686843872 6
1742313738721 0.8014285564422607 7
1742313739080 0.7900000214576721 8
1742313739442 0.8071428537368774 9
1742313739821 0.8199999928474426 10
1742313740188 0.8399999737739563 11
1742313740286 0.8628571629524231 12
1742313740638 0.8742856979370117 13
1742313740739 0.8842856884002686 14
1742313741104 0.8871428370475769 15
1742313741471 0.8899999856948853 16
1742313741854 0.918571412563324 17
1742313742232 0.9100000262260437 18
1742313742325 0.9142857193946838 19
1742313742425 0.8985714316368103 20
1742313742804 0.9171428680419922 21
1742313742904 0.9371428489685059 22
1742313742988 0.9528571367263794 23
1742313743095 0.9628571271896362 24
1742313743188 0.9671428799629211 25
1742313743549 0.977142870426178 26
1742313743652 0.9871428608894348 27
1742313743754 0.991428554058075 28
1742313743881 0.9928571581840515 29
1742313744271 0.9857142567634583 30
1742313744621 0.9942857027053833 31
1742313744721 0.9985714554786682 32
1742313744818 0.9942857027053833 33
1742313744910 0.9928571581840515 34
1742313745002 0.9857142567634583 35
1742313745095 0.9885714054107666 36
1742313745185 0.9857142567634583 37
1742313745276 0.9885714054107666 38
1742313745370 0.9957143068313599 39
1742313745457 0.9985714554786682 40
1742313745560 0.9985714554786682 41
1742313745654 0.9957143068313599 42
1742313745735 1.0 43
1742313745902 0.9971428513526917 44
1742313746002 0.9957143068313599 45
1742313746102 0.9971428513526917 46
