1742313736954 0.0042250496335327625 0
1742313737354 0.0042250496335327625 1
1742313737707 0.0042250496335327625 2
1742313737821 0.0042250496335327625 3
1742313738172 0.0042250496335327625 4
1742313738271 0.0042250496335327625 5
1742313738626 0.0042250496335327625 6
1742313738721 0.0042250496335327625 7
1742313739080 0.0042250496335327625 8
1742313739442 0.0042250496335327625 9
1742313739821 0.0042250496335327625 10
1742313740188 0.0042250496335327625 11
1742313740286 0.0042250496335327625 12
1742313740638 0.0042250496335327625 13
1742313740739 0.0042250496335327625 14
1742313741104 0.0042250496335327625 15
1742313741471 0.0042250496335327625 16
1742313741854 0.0042250496335327625 17
1742313742232 0.0042250496335327625 18
1742313742325 0.0042250496335327625 19
1742313742425 0.0042250496335327625 20
1742313742804 0.0042250496335327625 21
1742313742904 0.0042250496335327625 22
1742313742988 0.0042250496335327625 23
1742313743095 0.0042250496335327625 24
1742313743188 0.0042250496335327625 25
1742313743549 0.0042250496335327625 26
1742313743652 0.0042250496335327625 27
1742313743754 0.0042250496335327625 28
1742313743881 0.0042250496335327625 29
1742313744271 0.0042250496335327625 30
1742313744621 0.0042250496335327625 31
1742313744721 0.0042250496335327625 32
1742313744818 0.0042250496335327625 33
1742313744910 0.0042250496335327625 34
1742313745002 0.0042250496335327625 35
1742313745095 0.0042250496335327625 36
1742313745185 0.0042250496335327625 37
1742313745276 0.0042250496335327625 38
1742313745370 0.0042250496335327625 39
1742313745457 0.0042250496335327625 40
1742313745560 0.0042250496335327625 41
1742313745654 0.0042250496335327625 42
1742313745735 0.0042250496335327625 43
1742313745902 0.0042250496335327625 44
1742313746002 0.0042250496335327625 45
1742313746102 0.0042250496335327625 46
