1742313736954 0.7252256274223328 0
1742313737354 0.601344883441925 1
1742313737707 0.5619583129882812 2
1742313737821 0.5288059711456299 3
1742313738172 0.498870849609375 4
1742313738271 0.49328961968421936 5
1742313738626 0.45401209592819214 6
1742313738721 0.4313690960407257 7
1742313739080 0.43469712138175964 8
1742313739442 0.40134674310684204 9
1742313739821 0.38807642459869385 10
1742313740188 0.3663555085659027 11
1742313740286 0.3333527147769928 12
1742313740638 0.30578839778900146 13
1742313740739 0.27645227313041687 14
1742313741104 0.2584751546382904 15
1742313741471 0.2457195669412613 16
1742313741854 0.21758294105529785 17
1742313742232 0.2414627969264984 18
1742313742325 0.2181221842765808 19
1742313742425 0.24165549874305725 20
1742313742804 0.189964160323143 21
1742313742904 0.17982929944992065 22
1742313742988 0.13551124930381775 23
1742313743095 0.10579090565443039 24
1742313743188 0.09421082586050034 25
1742313743549 0.07777202874422073 26
1742313743652 0.06190713122487068 27
1742313743754 0.0450345054268837 28
1742313743881 0.04099242761731148 29
1742313744271 0.04215173050761223 30
1742313744621 0.03068847954273224 31
1742313744721 0.025831464678049088 32
1742313744818 0.024967607110738754 33
1742313744910 0.025388116016983986 34
1742313745002 0.036985479295253754 35
1742313745095 0.03309330344200134 36
1742313745185 0.03883328288793564 37
1742313745276 0.03081490844488144 38
1742313745370 0.025432175025343895 39
1742313745457 0.014629844576120377 40
1742313745560 0.018639342859387398 41
1742313745654 0.01619495265185833 42
1742313745735 0.009560149163007736 43
1742313745902 0.015274693258106709 44
1742313746002 0.013200988993048668 45
1742313746102 0.010250987485051155 46
