1742541158179 0.3028571307659149 0
1742541158743 0.4942857027053833 1
1742541159307 0.668571412563324 2
1742541159573 0.7057142853736877 3
1742541159667 0.7057142853736877 4
1742541159760 0.7085714340209961 5
1742541159854 0.7085714340209961 6
1742541159951 0.7071428298950195 7
1742541160056 0.7099999785423279 8
1742541160165 0.704285740852356 9
1742541160281 0.7185714244842529 10
1742541160385 0.7085714340209961 11
1742541160495 0.7128571271896362 12
1742541160943 0.7171428799629211 13
1742541161262 0.7128571271896362 14
1742541161362 0.7114285826683044 15
1742541161779 0.7185714244842529 16
1742541162073 0.7185714244842529 17
1742541162168 0.7114285826683044 18
1742541162259 0.7171428799629211 19
1742541162357 0.727142870426178 20
1742541162485 0.7128571271896362 21
1742541162792 0.727142870426178 22
1742541162923 0.7142857313156128 23
1742541163037 0.7214285731315613 24
1742541163448 0.727142870426178 25
1742541163731 0.7300000190734863 26
1742541163858 0.7314285635948181 27
1742541164319 0.7400000095367432 28
1742541164951 0.741428554058075 29
1742541165298 0.7485714554786682 30
1742541165392 0.7457143068313599 31
1742541165486 0.7485714554786682 32
1742541165582 0.7657142877578735 33
1742541165675 0.7514285445213318 34
1742541165775 0.7699999809265137 35
1742541165867 0.75 36
1742541165959 0.7685714364051819 37
1742541166059 0.7571428418159485 38
1742541166467 0.7799999713897705 39
1742541166808 0.7757142782211304 40
1742541166904 0.7771428823471069 41
1742541167338 0.7571428418159485 42
1742541167946 0.7685714364051819 43
1742541168239 0.7814285755157471 44
1742541168347 0.7828571200370789 45
1742541168876 0.7799999713897705 46
1742541169166 0.7871428728103638 47
1742541169261 0.7714285850524902 48
1742541169352 0.772857129573822 49
1742541169457 0.7828571200370789 50
1742541169562 0.7857142686843872 51
1742541169655 0.7757142782211304 52
1742541169767 0.7814285755157471 53
1742541169864 0.7885714173316956 54
1742541170306 0.7814285755157471 55
1742541170615 0.7900000214576721 56
1742541171051 0.7842857241630554 57
1742541171330 0.7942857146263123 58
1742541171746 0.8100000023841858 59
1742541172016 0.8014285564422607 60
1742541172133 0.8128571510314941 61
1742541172240 0.7914285659790039 62
1742541172341 0.7942857146263123 63
1742541172760 0.7828571200370789 64
1742541173383 0.7942857146263123 65
1742541173688 0.8114285469055176 66
1742541173783 0.8100000023841858 67
1742541173875 0.8028571605682373 68
1742541173970 0.800000011920929 69
1742541174358 0.7942857146263123 70
1742541174644 0.8028571605682373 71
1742541175061 0.8071428537368774 72
1742541175350 0.8042857050895691 73
1742541175445 0.8014285564422607 74
1742541175551 0.8142856955528259 75
1742541175647 0.8071428537368774 76
1742541175739 0.800000011920929 77
1742541175831 0.800000011920929 78
1742541175928 0.7985714077949524 79
1742541176023 0.8042857050895691 80
1742541176117 0.8057143092155457 81
1742541176220 0.8028571605682373 82
1742541176330 0.8114285469055176 83
1742541176960 0.8128571510314941 84
1742541177280 0.8114285469055176 85
1742541177382 0.8199999928474426 86
1742541177479 0.8071428537368774 87
1742541177579 0.8057143092155457 88
1742541177675 0.8185714483261108 89
1742541177773 0.8271428346633911 90
1742541177878 0.822857141494751 91
1742541177975 0.8199999928474426 92
1742541178079 0.8328571319580078 93
1742541178183 0.8157142996788025 94
1742541178278 0.8285714387893677 95
1742541178374 0.8257142901420593 96
1742541178469 0.8299999833106995 97
1742541178566 0.8171428442001343 98
1742541178673 0.8242856860160828 99
1742541186389 0.4414285719394684 0
1742541187167 0.4471428692340851 1
1742541187841 0.41285714507102966 2
1742541188583 0.44285714626312256 3
1742541188881 0.46857142448425293 4
1742541189331 0.4814285635948181 5
1742541189995 0.5157142877578735 6
1742541190274 0.5157142877578735 7
1742541190365 0.5271428823471069 8
1742541190824 0.5257142782211304 9
1742541191443 0.5428571701049805 10
1742541192047 0.5771428346633911 11
1742541192646 0.5914285778999329 12
1742541193244 0.5885714292526245 13
1742541193523 0.5985714197158813 14
1742541193614 0.6114285588264465 15
1742541194016 0.6242856979370117 16
1742541194586 0.6499999761581421 17
1742541195294 0.631428599357605 18
1742541195988 0.6299999952316284 19
1742541196264 0.6428571343421936 20
1742541196355 0.6428571343421936 21
1742541196767 0.654285728931427 22
1742541197351 0.6785714030265808 23
1742541197619 0.6442857384681702 24
1742541197709 0.6785714030265808 25
1742541197812 0.6742857098579407 26
1742541197910 0.7099999785423279 27
1742541198002 0.7014285922050476 28
1742541198110 0.6885714530944824 29
1742541198202 0.6714285612106323 30
1742541198298 0.691428542137146 31
1742541198379 0.6757143139839172 32
1742541198475 0.6842857003211975 33
1742541198570 0.6985714435577393 34
1742541198655 0.6814285516738892 35
1742541198742 0.699999988079071 36
1742541198837 0.6885714530944824 37
1742541198930 0.6971428394317627 38
