1742541158179 0.00019586936105042696 0
1742541158743 0.00019586936105042696 1
1742541159307 0.00019586936105042696 2
1742541159573 0.00019586936105042696 3
1742541159667 0.00019586936105042696 4
1742541159760 0.00019586936105042696 5
1742541159854 0.00019586936105042696 6
1742541159951 0.00019586936105042696 7
1742541160056 0.00019586936105042696 8
1742541160165 0.00019586936105042696 9
1742541160281 0.00019586936105042696 10
1742541160385 0.00019586936105042696 11
1742541160495 0.00019586936105042696 12
1742541160943 0.00019586936105042696 13
1742541161262 0.00019586936105042696 14
1742541161362 0.00019586936105042696 15
1742541161779 0.00019586936105042696 16
1742541162073 0.00019586936105042696 17
1742541162168 0.00019586936105042696 18
1742541162259 0.00019586936105042696 19
1742541162357 0.00019586936105042696 20
1742541162485 0.00019586936105042696 21
1742541162792 0.00019586936105042696 22
1742541162923 0.00019586936105042696 23
1742541163037 0.00019586936105042696 24
1742541163448 0.00019586936105042696 25
1742541163731 0.00019586936105042696 26
1742541163858 0.00019586936105042696 27
1742541164319 0.00019586936105042696 28
1742541164951 0.00019586936105042696 29
1742541165298 0.00019586936105042696 30
1742541165392 0.00019586936105042696 31
1742541165486 0.00019586936105042696 32
1742541165582 0.00019586936105042696 33
1742541165675 0.00019586936105042696 34
1742541165775 0.00019586936105042696 35
1742541165867 0.00019586936105042696 36
1742541165959 0.00019586936105042696 37
1742541166059 0.00019586936105042696 38
1742541166467 0.00019586936105042696 39
1742541166808 0.00019586936105042696 40
1742541166904 0.00019586936105042696 41
1742541167338 0.00019586936105042696 42
1742541167946 0.00019586936105042696 43
1742541168239 0.00019586936105042696 44
1742541168347 0.00019586936105042696 45
1742541168876 0.00019586936105042696 46
1742541169166 0.00019586936105042696 47
1742541169261 0.00019586936105042696 48
1742541169352 0.00019586936105042696 49
1742541169457 0.00019586936105042696 50
1742541169562 0.00019586936105042696 51
1742541169655 0.00019586936105042696 52
1742541169767 0.00019586936105042696 53
1742541169864 0.00019586936105042696 54
1742541170306 0.00019586936105042696 55
1742541170615 0.00019586936105042696 56
1742541171051 0.00019586936105042696 57
1742541171330 0.00019586936105042696 58
1742541171746 0.00019586936105042696 59
1742541172016 0.00019586936105042696 60
1742541172133 0.00019586936105042696 61
1742541172240 0.00019586936105042696 62
1742541172341 0.00019586936105042696 63
1742541172760 0.00019586936105042696 64
1742541173383 0.00019586936105042696 65
1742541173688 0.00019586936105042696 66
1742541173783 0.00019586936105042696 67
1742541173875 0.00019586936105042696 68
1742541173970 0.00019586936105042696 69
1742541174358 0.00019586936105042696 70
1742541174644 0.00019586936105042696 71
1742541175061 0.00019586936105042696 72
1742541175350 0.00019586936105042696 73
1742541175445 0.00019586936105042696 74
1742541175551 0.00019586936105042696 75
1742541175647 0.00019586936105042696 76
1742541175739 0.00019586936105042696 77
1742541175831 0.00019586936105042696 78
1742541175928 0.00019586936105042696 79
1742541176023 0.00019586936105042696 80
1742541176117 0.00019586936105042696 81
1742541176220 0.00019586936105042696 82
1742541176330 0.00019586936105042696 83
1742541176960 0.00019586936105042696 84
1742541177280 0.00019586936105042696 85
1742541177382 0.00019586936105042696 86
1742541177479 0.00019586936105042696 87
1742541177579 0.00019586936105042696 88
1742541177675 0.00019586936105042696 89
1742541177773 0.00019586936105042696 90
1742541177878 0.00019586936105042696 91
1742541177975 0.00019586936105042696 92
1742541178079 0.00019586936105042696 93
1742541178183 0.00019586936105042696 94
1742541178278 0.00019586936105042696 95
1742541178374 0.00019586936105042696 96
1742541178469 0.00019586936105042696 97
1742541178566 0.00019586936105042696 98
1742541178673 0.00019586936105042696 99
1742541186389 1.3679132280230988e-05 0
1742541187167 1.3679132280230988e-05 1
1742541187841 1.3679132280230988e-05 2
1742541188583 1.3679132280230988e-05 3
1742541188881 1.3679132280230988e-05 4
1742541189331 1.3679132280230988e-05 5
1742541189995 1.3679132280230988e-05 6
1742541190274 1.3679132280230988e-05 7
1742541190365 1.3679132280230988e-05 8
1742541190824 1.3679132280230988e-05 9
1742541191443 1.3679132280230988e-05 10
1742541192047 1.3679132280230988e-05 11
1742541192646 1.3679132280230988e-05 12
1742541193244 1.3679132280230988e-05 13
1742541193523 1.3679132280230988e-05 14
1742541193614 1.3679132280230988e-05 15
1742541194016 1.3679132280230988e-05 16
1742541194586 1.3679132280230988e-05 17
1742541195294 1.3679132280230988e-05 18
1742541195988 1.3679132280230988e-05 19
1742541196264 1.3679132280230988e-05 20
1742541196355 1.3679132280230988e-05 21
1742541196767 1.3679132280230988e-05 22
1742541197351 1.3679132280230988e-05 23
1742541197619 1.3679132280230988e-05 24
1742541197709 1.3679132280230988e-05 25
1742541197812 1.3679132280230988e-05 26
1742541197910 1.3679132280230988e-05 27
1742541198002 1.3679132280230988e-05 28
1742541198110 1.3679132280230988e-05 29
1742541198202 1.3679132280230988e-05 30
1742541198298 1.3679132280230988e-05 31
1742541198379 1.3679132280230988e-05 32
1742541198475 1.3679132280230988e-05 33
1742541198570 1.3679132280230988e-05 34
1742541198655 1.3679132280230988e-05 35
1742541198742 1.3679132280230988e-05 36
1742541198837 1.3679132280230988e-05 37
1742541198930 1.3679132280230988e-05 38
