1742541158179 0.8727996945381165 0
1742541158743 0.708845317363739 1
1742541159307 0.6295897364616394 2
1742541159573 0.6019651889801025 3
1742541159667 0.601191520690918 4
1742541159760 0.5937042832374573 5
1742541159854 0.5923382043838501 6
1742541159951 0.5898954272270203 7
1742541160056 0.5814070105552673 8
1742541160165 0.5867192149162292 9
1742541160281 0.570219874382019 10
1742541160385 0.577840268611908 11
1742541160495 0.5751575827598572 12
1742541160943 0.5879203081130981 13
1742541161262 0.5731415748596191 14
1742541161362 0.5707477927207947 15
1742541161779 0.5716006755828857 16
1742541162073 0.572299063205719 17
1742541162168 0.562555193901062 18
1742541162259 0.5618301033973694 19
1742541162357 0.5507412552833557 20
1742541162485 0.5640938878059387 21
1742541162792 0.5577722787857056 22
1742541162923 0.5569396615028381 23
1742541163037 0.5455116033554077 24
1742541163448 0.545552134513855 25
1742541163731 0.5359557867050171 26
1742541163858 0.5259533524513245 27
1742541164319 0.5294085144996643 28
1742541164951 0.5176149010658264 29
1742541165298 0.5237383842468262 30
1742541165392 0.5116978287696838 31
1742541165486 0.522028386592865 32
1742541165582 0.5004791617393494 33
1742541165675 0.5068534016609192 34
1742541165775 0.4918365478515625 35
1742541165867 0.5034536719322205 36
1742541165959 0.4856168031692505 37
1742541166059 0.4948398172855377 38
1742541166467 0.4860226511955261 39
1742541166808 0.4849697947502136 40
1742541166904 0.4780232310295105 41
1742541167338 0.4792715311050415 42
1742541167946 0.4802185893058777 43
1742541168239 0.4782663881778717 44
1742541168347 0.4745829701423645 45
1742541168876 0.47238269448280334 46
1742541169166 0.4674835503101349 47
1742541169261 0.47770315408706665 48
1742541169352 0.4688681364059448 49
1742541169457 0.45992523431777954 50
1742541169562 0.4466519057750702 51
1742541169655 0.46979793906211853 52
1742541169767 0.46683359146118164 53
1742541169864 0.44589951634407043 54
1742541170306 0.4554603695869446 55
1742541170615 0.4594535529613495 56
1742541171051 0.4517227113246918 57
1742541171330 0.4545777142047882 58
1742541171746 0.4404064416885376 59
1742541172016 0.4355200529098511 60
1742541172133 0.43551722168922424 61
1742541172240 0.4375137686729431 62
1742541172341 0.44443151354789734 63
1742541172760 0.4393601715564728 64
1742541173383 0.4441552758216858 65
1742541173688 0.4341512620449066 66
1742541173783 0.44038280844688416 67
1742541173875 0.43274596333503723 68
1742541173970 0.4370877146720886 69
1742541174358 0.42527979612350464 70
1742541174644 0.42847612500190735 71
1742541175061 0.42636021971702576 72
1742541175350 0.4265149235725403 73
1742541175445 0.41885432600975037 74
1742541175551 0.4104364514350891 75
1742541175647 0.4206570088863373 76
1742541175739 0.4155728220939636 77
1742541175831 0.4259759187698364 78
1742541175928 0.4125392436981201 79
1742541176023 0.4204895794391632 80
1742541176117 0.4111735224723816 81
1742541176220 0.41595458984375 82
1742541176330 0.39985474944114685 83
1742541176960 0.4135284423828125 84
1742541177280 0.4107855260372162 85
1742541177382 0.3975282907485962 86
1742541177479 0.40862566232681274 87
1742541177579 0.4055996835231781 88
1742541177675 0.39555200934410095 89
1742541177773 0.3873595893383026 90
1742541177878 0.39364954829216003 91
1742541177975 0.39308279752731323 92
1742541178079 0.3845447301864624 93
1742541178183 0.3930899500846863 94
1742541178278 0.36895042657852173 95
1742541178374 0.3753703534603119 96
1742541178469 0.3843238949775696 97
1742541178566 0.38552093505859375 98
1742541178673 0.37552791833877563 99
1742541186389 0.7231131792068481 0
1742541187167 0.7190044522285461 1
1742541187841 0.7263669371604919 2
1742541188583 0.7204300165176392 3
1742541188881 0.7166724801063538 4
1742541189331 0.708367109298706 5
1742541189995 0.7042078971862793 6
1742541190274 0.70075523853302 7
1742541190365 0.6941046714782715 8
1742541190824 0.6967233419418335 9
1742541191443 0.6898306608200073 10
1742541192047 0.6858001947402954 11
1742541192646 0.6807524561882019 12
1742541193244 0.678999662399292 13
1742541193523 0.6741836071014404 14
1742541193614 0.6721513867378235 15
1742541194016 0.6679001450538635 16
1742541194586 0.6638471484184265 17
1742541195294 0.6635444164276123 18
1742541195988 0.662507951259613 19
1742541196264 0.6595544219017029 20
1742541196355 0.6578095555305481 21
1742541196767 0.654556393623352 22
1742541197351 0.6513888239860535 23
1742541197619 0.6552698016166687 24
1742541197709 0.64871746301651 25
1742541197812 0.64426189661026 26
1742541197910 0.6367173194885254 27
1742541198002 0.6376731395721436 28
1742541198110 0.6358011960983276 29
1742541198202 0.6383793950080872 30
1742541198298 0.6369766592979431 31
1742541198379 0.6366518139839172 32
1742541198475 0.6344205737113953 33
1742541198570 0.6272706985473633 34
1742541198655 0.6306799054145813 35
1742541198742 0.6227729320526123 36
1742541198837 0.6234118938446045 37
1742541198930 0.6258422136306763 38
