1742308275022 0.6499999761581421 0
1742308275404 0.6800000071525574 1
1742308275782 0.7171428799629211 2
1742308276138 0.7428571581840515 3
1742308276541 0.7542856931686401 4
1742308276640 0.7614285945892334 5
1742308277065 0.7671428322792053 6
1742308277254 0.7871428728103638 7
1742308277654 0.7942857146263123 8
1742308278021 0.8100000023841858 9
1742308278471 0.8157142996788025 10
1742308278608 0.8328571319580078 11
1742308279088 0.8500000238418579 12
1742308279206 0.8728571534156799 13
1742308279413 0.8857142925262451 14
1742308279819 0.8785714507102966 15
1742308279921 0.8871428370475769 16
1742308280021 0.8928571343421936 17
1742308280438 0.8971428275108337 18
1742308280536 0.9057142734527588 19
1742308280635 0.9257143139839172 20
1742308280721 0.941428542137146 21
1742308281085 0.9571428298950195 22
1742308281185 0.954285740852356 23
1742308281271 0.9714285731315613 24
1742308281371 0.9757142663002014 25
1742308281476 0.9671428799629211 26
1742308281568 0.9828571677207947 27
1742308281934 0.9871428608894348 28
1742308282035 0.9800000190734863 29
1742308282121 0.9814285635948181 30
1742308282225 0.9928571581840515 31
1742308282318 0.9900000095367432 32
1742308282411 0.9942857027053833 33
1742308282504 0.9957143068313599 34
1742308282605 0.9928571581840515 35
1742308282705 0.9900000095367432 36
1742308282801 0.9928571581840515 37
1742308282905 0.9928571581840515 38
1742308283020 0.9985714554786682 39
1742308283129 0.9957143068313599 40
1742308283227 0.9971428513526917 41
1742308283345 0.9957143068313599 42
1742308283463 0.9957143068313599 43
