1742308275022 0.0042250496335327625 0
1742308275404 0.0042250496335327625 1
1742308275782 0.0042250496335327625 2
1742308276138 0.0042250496335327625 3
1742308276541 0.0042250496335327625 4
1742308276640 0.0042250496335327625 5
1742308277065 0.0042250496335327625 6
1742308277254 0.0042250496335327625 7
1742308277654 0.0042250496335327625 8
1742308278021 0.0042250496335327625 9
1742308278471 0.0042250496335327625 10
1742308278608 0.0042250496335327625 11
1742308279088 0.0042250496335327625 12
1742308279206 0.0042250496335327625 13
1742308279413 0.0042250496335327625 14
1742308279819 0.0042250496335327625 15
1742308279921 0.0042250496335327625 16
1742308280021 0.0042250496335327625 17
1742308280438 0.0042250496335327625 18
1742308280536 0.0042250496335327625 19
1742308280635 0.0042250496335327625 20
1742308280721 0.0042250496335327625 21
1742308281085 0.0042250496335327625 22
1742308281185 0.0042250496335327625 23
1742308281271 0.0042250496335327625 24
1742308281371 0.0042250496335327625 25
1742308281476 0.0042250496335327625 26
1742308281568 0.0042250496335327625 27
1742308281934 0.0042250496335327625 28
1742308282035 0.0042250496335327625 29
1742308282121 0.0042250496335327625 30
1742308282225 0.0042250496335327625 31
1742308282318 0.0042250496335327625 32
1742308282411 0.0042250496335327625 33
1742308282504 0.0042250496335327625 34
1742308282605 0.0042250496335327625 35
1742308282705 0.0042250496335327625 36
1742308282801 0.0042250496335327625 37
1742308282905 0.0042250496335327625 38
1742308283020 0.0042250496335327625 39
1742308283129 0.0042250496335327625 40
1742308283227 0.0042250496335327625 41
1742308283345 0.0042250496335327625 42
1742308283463 0.0042250496335327625 43
