1742308275022 0.7310596704483032 0
1742308275404 0.6087318062782288 1
1742308275782 0.5782132148742676 2
1742308276138 0.5425075888633728 3
1742308276541 0.5013515949249268 4
1742308276640 0.484927237033844 5
1742308277065 0.46849891543388367 6
1742308277254 0.44170716404914856 7
1742308277654 0.4306240379810333 8
1742308278021 0.4091915786266327 9
1742308278471 0.3877394199371338 10
1742308278608 0.3683370053768158 11
1742308279088 0.345825731754303 12
1742308279206 0.3157113790512085 13
1742308279413 0.2899044454097748 14
1742308279819 0.28887757658958435 15
1742308279921 0.2682500183582306 16
1742308280021 0.24469037353992462 17
1742308280438 0.24304570257663727 18
1742308280536 0.2318435162305832 19
1742308280635 0.19707730412483215 20
1742308280721 0.1631626933813095 21
1742308281085 0.12951785326004028 22
1742308281185 0.12188737094402313 23
1742308281271 0.09653405100107193 24
1742308281371 0.08325700461864471 25
1742308281476 0.089616559445858 26
1742308281568 0.05911211669445038 27
1742308281934 0.05048145726323128 28
1742308282035 0.053080227226018906 29
1742308282121 0.047270480543375015 30
1742308282225 0.032639071345329285 31
1742308282318 0.03720247000455856 32
1742308282411 0.023573553189635277 33
1742308282504 0.0248003788292408 34
1742308282605 0.024485545232892036 35
1742308282705 0.030661312863230705 36
1742308282801 0.023185839876532555 37
1742308282905 0.02096083201467991 38
1742308283020 0.01756555214524269 39
1742308283129 0.02173902466893196 40
1742308283227 0.015208857133984566 41
1742308283345 0.01745777763426304 42
1742308283463 0.01671295426785946 43
