1742313481754 0.6528571248054504 0
1742313481854 0.7328571677207947 1
1742313482274 0.7357142567634583 2
1742313482654 0.7699999809265137 3
1742313483054 0.7685714364051819 4
1742313483154 0.7985714077949524 5
1742313483521 0.8042857050895691 6
1742313483887 0.8042857050895691 7
1742313483993 0.8285714387893677 8
1742313484354 0.8328571319580078 9
1742313484454 0.8571428656578064 10
1742313484550 0.8585714101791382 11
1742313484887 0.881428599357605 12
1742313485301 0.8942857384681702 13
1742313485661 0.895714282989502 14
1742313486020 0.9142857193946838 15
1742313486120 0.9214285612106323 16
1742313486212 0.9314285516738892 17
1742313486302 0.927142858505249 18
1742313486394 0.9157142639160156 19
1742313486496 0.8985714316368103 20
1742313486583 0.9357143044471741 21
1742313486685 0.9585714340209961 22
1742313487047 0.9700000286102295 23
1742313487138 0.9757142663002014 24
1742313487236 0.977142870426178 25
1742313487327 0.9885714054107666 26
1742313487411 0.991428554058075 27
1742313487510 0.9885714054107666 28
1742313487610 0.9871428608894348 29
1742313487702 0.9928571581840515 30
1742313487796 0.9942857027053833 31
1742313487892 0.9985714554786682 32
1742313487988 0.9985714554786682 33
1742313488087 0.9942857027053833 34
1742313488188 0.9957143068313599 35
1742313488278 0.9942857027053833 36
1742313488387 1.0 37
1742313488483 0.9985714554786682 38
