1742313481754 0.0042250496335327625 0
1742313481854 0.0042250496335327625 1
1742313482274 0.0042250496335327625 2
1742313482654 0.0042250496335327625 3
1742313483054 0.0042250496335327625 4
1742313483154 0.0042250496335327625 5
1742313483521 0.0042250496335327625 6
1742313483887 0.0042250496335327625 7
1742313483993 0.0042250496335327625 8
1742313484354 0.0042250496335327625 9
1742313484454 0.0042250496335327625 10
1742313484550 0.0042250496335327625 11
1742313484887 0.0042250496335327625 12
1742313485301 0.0042250496335327625 13
1742313485661 0.0042250496335327625 14
1742313486020 0.0042250496335327625 15
1742313486120 0.0042250496335327625 16
1742313486212 0.0042250496335327625 17
1742313486302 0.0042250496335327625 18
1742313486394 0.0042250496335327625 19
1742313486496 0.0042250496335327625 20
1742313486583 0.0042250496335327625 21
1742313486685 0.0042250496335327625 22
1742313487047 0.0042250496335327625 23
1742313487138 0.0042250496335327625 24
1742313487236 0.0042250496335327625 25
1742313487327 0.0042250496335327625 26
1742313487411 0.0042250496335327625 27
1742313487510 0.0042250496335327625 28
1742313487610 0.0042250496335327625 29
1742313487702 0.0042250496335327625 30
1742313487796 0.0042250496335327625 31
1742313487892 0.0042250496335327625 32
1742313487988 0.0042250496335327625 33
1742313488087 0.0042250496335327625 34
1742313488188 0.0042250496335327625 35
1742313488278 0.0042250496335327625 36
1742313488387 0.0042250496335327625 37
1742313488483 0.0042250496335327625 38
