1742313481754 0.6567810773849487 0
1742313481854 0.5641796588897705 1
1742313482274 0.5345083475112915 2
1742313482654 0.48502054810523987 3
1742313483054 0.4653828740119934 4
1742313483154 0.4486604630947113 5
1742313483521 0.4190846383571625 6
1742313483887 0.408481627702713 7
1742313483993 0.38224488496780396 8
1742313484354 0.3559897541999817 9
1742313484454 0.3257223069667816 10
1742313484550 0.3183270990848541 11
1742313484887 0.2781244218349457 12
1742313485301 0.2570289969444275 13
1742313485661 0.23941576480865479 14
1742313486020 0.2040136456489563 15
1742313486120 0.18490971624851227 16
1742313486212 0.16995200514793396 17
1742313486302 0.1778666079044342 18
1742313486394 0.20181971788406372 19
1742313486496 0.2229919582605362 20
1742313486583 0.1672283560037613 21
1742313486685 0.1210387721657753 22
1742313487047 0.10003884136676788 23
1742313487138 0.07762901484966278 24
1742313487236 0.06511961668729782 25
1742313487327 0.04622378200292587 26
1742313487411 0.04314328730106354 27
1742313487510 0.03626582771539688 28
1742313487610 0.03668105974793434 29
1742313487702 0.02774578332901001 30
1742313487796 0.025474291294813156 31
1742313487892 0.017656967043876648 32
1742313487988 0.0211249478161335 33
1742313488087 0.017448479309678078 34
1742313488188 0.021551789715886116 35
1742313488278 0.01835314929485321 36
1742313488387 0.012272167019546032 37
1742313488483 0.014135651290416718 38
