1742307134587 0.7114285826683044 0
1742307135264 0.7128571271896362 1
1742307135553 0.7242857217788696 2
1742307135647 0.7257142663002014 3
1742307135728 0.7357142567634583 4
1742307135827 0.741428554058075 5
1742307136288 0.7400000095367432 6
1742307136934 0.7428571581840515 7
1742307137588 0.7685714364051819 8
1742307138138 0.7628571391105652 9
1742307138785 0.7599999904632568 10
1742307139371 0.7814285755157471 11
1742307139954 0.7771428823471069 12
1742307140234 0.7785714268684387 13
1742307140602 0.7914285659790039 14
1742307140888 0.7757142782211304 15
1742307141238 0.8057143092155457 16
1742307141788 0.8071428537368774 17
1742307142320 0.8071428537368774 18
1742307142576 0.8214285969734192 19
1742307142954 0.8185714483261108 20
1742307143210 0.8242856860160828 21
1742307143310 0.8242856860160828 22
1742307143399 0.8328571319580078 23
1742307143752 0.8399999737739563 24
1742307144009 0.8414285778999329 25
1742307144390 0.8557142615318298 26
1742307144660 0.8514285683631897 27
1742307145006 0.8600000143051147 28
1742307145259 0.8557142615318298 29
1742307145342 0.8600000143051147 30
1742307145692 0.881428599357605 31
1742307145942 0.8842856884002686 32
1742307146027 0.881428599357605 33
1742307146110 0.8842856884002686 34
1742307146194 0.8828571438789368 35
1742307146571 0.8857142925262451 36
1742307146845 0.8985714316368103 37
1742307146927 0.8985714316368103 38
1742307147015 0.918571412563324 39
1742307147098 0.904285728931427 40
1742307147471 0.8971428275108337 41
1742307147744 0.9157142639160156 42
1742307148104 0.9071428775787354 43
1742307148651 0.9257143139839172 44
1742307148909 0.918571412563324 45
1742307148995 0.918571412563324 46
1742307149077 0.9314285516738892 47
1742307149160 0.9228571653366089 48
1742307149243 0.9228571653366089 49
1742307149326 0.9371428489685059 50
1742307149410 0.9314285516738892 51
1742307149499 0.9357143044471741 52
1742307149577 0.9314285516738892 53
1742307149754 0.9357143044471741 54
1742307149842 0.941428542137146 55
1742307149921 0.9442856907844543 56
1742307150010 0.9357143044471741 57
1742307150095 0.949999988079071 58
1742307150180 0.9471428394317627 59
1742307157754 0.5099999904632568 0
1742307158329 0.5628571510314941 1
1742307158632 0.6342856884002686 2
1742307158730 0.6700000166893005 3
1742307158830 0.6742857098579407 4
1742307158932 0.7099999785423279 5
1742307159026 0.6885714530944824 6
1742307159126 0.7085714340209961 7
1742307159234 0.691428542137146 8
1742307159349 0.6971428394317627 9
1742307159447 0.6885714530944824 10
1742307159538 0.7028571367263794 11
1742307159633 0.7028571367263794 12
1742307159725 0.6985714435577393 13
1742307159818 0.6928571462631226 14
1742307159912 0.6971428394317627 15
1742307160003 0.6985714435577393 16
1742307167988 0.5514285564422607 0
1742307168537 0.5771428346633911 1
1742307169121 0.6071428656578064 2
1742307169665 0.6299999952316284 3
1742307169953 0.6357142925262451 4
1742307170047 0.6271428465843201 5
1742307170130 0.6528571248054504 6
1742307170226 0.6471428275108337 7
1742307170326 0.6557142734527588 8
1742307170418 0.6714285612106323 9
1742307170492 0.6671428680419922 10
1742307170599 0.6700000166893005 11
1742307170675 0.6657142639160156 12
1742307170775 0.6785714030265808 13
1742307170871 0.6642857193946838 14
1742307170958 0.6942856907844543 15
1742307171050 0.6857143044471741 16
1742307171146 0.6700000166893005 17
1742307171225 0.6742857098579407 18
1742307180821 0.7057142853736877 0
1742307181465 0.7228571176528931 1
1742307182171 0.7385714054107666 2
1742307182877 0.7671428322792053 3
1742307183637 0.7714285850524902 4
1742307184336 0.7871428728103638 5
1742307185037 0.8028571605682373 6
1742307185804 0.8142856955528259 7
1742307186575 0.8242856860160828 8
1742307186920 0.8485714197158813 9
1742307187024 0.845714271068573 10
1742307187483 0.8642857074737549 11
1742307187834 0.8714285492897034 12
1742307187964 0.8857142925262451 13
1742307188431 0.8771428465843201 14
1742307188778 0.8985714316368103 15
1742307188883 0.8871428370475769 16
1742307188990 0.9200000166893005 17
1742307189471 0.9371428489685059 18
1742307189840 0.9399999976158142 19
1742307189966 0.9457142949104309 20
1742307190058 0.9571428298950195 21
1742307190179 0.9742857217788696 22
1742307190282 0.977142870426178 23
1742307190391 0.9785714149475098 24
1742307190501 0.9828571677207947 25
1742307190611 0.9814285635948181 26
1742307190719 0.9785714149475098 27
1742307190822 0.9900000095367432 28
1742307190931 0.9957143068313599 29
1742307191371 0.9928571581840515 30
1742307191722 0.9971428513526917 31
1742307192186 0.9885714054107666 32
1742307192502 0.9971428513526917 33
1742307192611 0.9971428513526917 34
1742307192707 0.9928571581840515 35
1742307192824 0.9871428608894348 36
1742307192933 0.9871428608894348 37
1742307193042 0.9857142567634583 38
1742307193148 0.9871428608894348 39
1742307193254 0.9814285635948181 40
1742307193375 0.9928571581840515 41
1742307193486 0.9971428513526917 42
1742307193609 0.9957143068313599 43
1742307193721 0.9985714554786682 44
1742307193850 0.9957143068313599 45
1742307193969 0.9971428513526917 46
1742307194080 1.0 47
1742307202824 0.41999998688697815 0
1742307203379 0.5114285945892334 1
1742307203904 0.5557143092155457 2
1742307204437 0.6214285492897034 3
1742307204690 0.6728571653366089 4
1742307205095 0.6600000262260437 5
1742307205324 0.6757143139839172 6
1742307205408 0.6814285516738892 7
1742307205492 0.6899999976158142 8
1742307205675 0.699999988079071 9
1742307205762 0.7085714340209961 10
1742307205844 0.7014285922050476 11
1742307205933 0.7071428298950195 12
1742307206013 0.7085714340209961 13
1742307206092 0.7071428298950195 14
1742307206177 0.704285740852356 15
1742307206259 0.7085714340209961 16
1742307206341 0.7071428298950195 17
1742307206425 0.7085714340209961 18
1742307206508 0.7099999785423279 19
1742307206591 0.7057142853736877 20
1742307214676 0.6571428775787354 0
1742307215208 0.6514285802841187 1
1742307215795 0.7085714340209961 2
1742307216390 0.7085714340209961 3
1742307216685 0.727142870426178 4
1742307217049 0.7342857122421265 5
1742307217328 0.7385714054107666 6
1742307217704 0.7642857432365417 7
1742307217979 0.772857129573822 8
1742307218084 0.772857129573822 9
1742307218184 0.7699999809265137 10
1742307218284 0.7771428823471069 11
1742307218778 0.7871428728103638 12
1742307219388 0.7842857241630554 13
1742307219971 0.7885714173316956 14
1742307220559 0.8114285469055176 15
1742307221140 0.8071428537368774 16
1742307221873 0.822857141494751 17
1742307222534 0.8242856860160828 18
1742307223187 0.8171428442001343 19
1742307223511 0.8371428847312927 20
1742307223607 0.8442857265472412 21
1742307224057 0.8528571724891663 22
1742307224362 0.8785714507102966 23
1742307224468 0.8642857074737549 24
1742307224579 0.8700000047683716 25
1742307224674 0.8728571534156799 26
1742307225150 0.8700000047683716 27
1742307225497 0.8799999952316284 28
1742307225607 0.9100000262260437 29
1742307225707 0.904285728931427 30
1742307225817 0.9071428775787354 31
1742307225931 0.9128571152687073 32
1742307226052 0.9114285707473755 33
1742307226166 0.8971428275108337 34
1742307226261 0.9142857193946838 35
1742307226721 0.9214285612106323 36
1742307227055 0.9300000071525574 37
1742307227494 0.941428542137146 38
1742307227763 0.9285714030265808 39
1742307227862 0.9385714530944824 40
1742307227977 0.9399999976158142 41
1742307228092 0.9399999976158142 42
1742307228192 0.9571428298950195 43
1742307228288 0.9685714244842529 44
1742307228373 0.9514285922050476 45
1742307228473 0.9571428298950195 46
1742307228865 0.9671428799629211 47
1742307229217 0.9614285826683044 48
1742307229342 0.9657142758369446 49
1742307229447 0.9671428799629211 50
1742307229550 0.9742857217788696 51
1742307229669 0.977142870426178 52
1742307229803 0.9728571176528931 53
1742307229914 0.9685714244842529 54
1742307230007 0.9814285635948181 55
1742307230106 0.9814285635948181 56
1742307230216 0.977142870426178 57
1742307230310 0.9728571176528931 58
1742307230395 0.9785714149475098 59
1742307230491 0.977142870426178 60
1742307230593 0.9757142663002014 61
1742307230691 0.977142870426178 62
1742307238971 0.6814285516738892 0
1742307239256 0.699999988079071 1
1742307239635 0.6971428394317627 2
1742307240273 0.7257142663002014 3
1742307240892 0.7357142567634583 4
1742307241508 0.7285714149475098 5
1742307241772 0.7442857027053833 6
1742307242249 0.7642857432365417 7
1742307242508 0.7485714554786682 8
1742307242872 0.7542856931686401 9
1742307243128 0.758571445941925 10
1742307243521 0.7771428823471069 11
1742307243806 0.7714285850524902 12
1742307243889 0.7642857432365417 13
1742307244283 0.7985714077949524 14
1742307244821 0.7799999713897705 15
1742307245089 0.7742857336997986 16
1742307245471 0.795714259147644 17
1742307245986 0.8014285564422607 18
1742307246256 0.7971428632736206 19
1742307246621 0.8100000023841858 20
1742307247152 0.8128571510314941 21
1742307247401 0.8199999928474426 22
1742307247756 0.808571457862854 23
1742307248257 0.8142856955528259 24
1742307248506 0.8199999928474426 25
1742307248589 0.8271428346633911 26
1742307248681 0.8285714387893677 27
1742307249040 0.8328571319580078 28
1742307249279 0.8471428751945496 29
1742307249359 0.8557142615318298 30
1742307249447 0.8628571629524231 31
1742307249523 0.8471428751945496 32
1742307249620 0.8428571224212646 33
1742307249690 0.8671428561210632 34
1742307249788 0.8728571534156799 35
1742307249876 0.8700000047683716 36
1742307250432 0.8600000143051147 37
1742307250690 0.8885714411735535 38
1742307250779 0.8657143115997314 39
1742307250872 0.8785714507102966 40
1742307250973 0.8985714316368103 41
1742307251072 0.904285728931427 42
1742307251175 0.8985714316368103 43
1742307251265 0.8971428275108337 44
1742307251754 0.9100000262260437 45
1742307252056 0.904285728931427 46
1742307252146 0.9114285707473755 47
1742307252228 0.9100000262260437 48
1742307252323 0.9014285802841187 49
1742307252406 0.9242857098579407 50
1742307252488 0.9300000071525574 51
1742307252603 0.9157142639160156 52
1742307253004 0.9200000166893005 53
1742307253277 0.9342857003211975 54
1742307253361 0.9399999976158142 55
1742307253481 0.9457142949104309 56
1742307253583 0.9457142949104309 57
1742307253673 0.9457142949104309 58
1742307253756 0.9528571367263794 59
1742307253840 0.954285740852356 60
1742307253923 0.949999988079071 61
1742307254006 0.954285740852356 62
1742307254090 0.9528571367263794 63
1742307254189 0.954285740852356 64
1742307254273 0.9714285731315613 65
1742307254368 0.9599999785423279 66
1742307254715 0.9599999785423279 67
1742307255024 0.9671428799629211 68
1742307255457 0.9728571176528931 69
1742307255747 0.9599999785423279 70
1742307255823 0.9714285731315613 71
1742307255906 0.9657142758369446 72
1742307255990 0.9728571176528931 73
1742307256105 0.9628571271896362 74
1742307256188 0.9700000286102295 75
1742307256288 0.9685714244842529 76
1742307256371 0.9800000190734863 77
1742307256462 0.9628571271896362 78
1742307256545 0.9685714244842529 79
1742307256642 0.9828571677207947 80
1742307256734 0.9728571176528931 81
1742307256822 0.9828571677207947 82
1742307256907 0.977142870426178 83
1742307257008 0.9842857122421265 84
1742307264975 0.41857144236564636 0
1742307265220 0.7085714340209961 1
1742307265327 0.7085714340209961 2
1742307265775 0.7099999785423279 3
1742307266355 0.7171428799629211 4
1742307266613 0.7314285635948181 5
1742307266704 0.7314285635948181 6
1742307266794 0.7257142663002014 7
1742307267163 0.7385714054107666 8
1742307267410 0.741428554058075 9
1742307267488 0.7657142877578735 10
1742307267608 0.772857129573822 11
1742307268004 0.7557142972946167 12
1742307269021 0.7699999809265137 13
1742307269346 0.7685714364051819 14
1742307269438 0.7900000214576721 15
1742307269890 0.7785714268684387 16
1742307270604 0.7885714173316956 17
1742307271239 0.7942857146263123 18
1742307271523 0.7985714077949524 19
1742307271921 0.8057143092155457 20
1742307272588 0.8042857050895691 21
1742307273154 0.8142856955528259 22
1742307273871 0.8171428442001343 23
1742307274190 0.8299999833106995 24
1742307274677 0.8285714387893677 25
1742307275338 0.831428587436676 26
1742307275678 0.8414285778999329 27
1742307275887 0.8399999737739563 28
1742307275991 0.8414285778999329 29
1742307276095 0.8500000238418579 30
1742307276571 0.8557142615318298 31
1742307277221 0.8557142615318298 32
1742307277903 0.8600000143051147 33
1742307278194 0.8700000047683716 34
1742307278554 0.8742856979370117 35
1742307278804 0.8714285492897034 36
1742307279167 0.8885714411735535 37
1742307279429 0.881428599357605 38
1742307279541 0.9028571248054504 39
1742307279648 0.8885714411735535 40
1742307280054 0.8985714316368103 41
1742307280653 0.8928571343421936 42
1742307280987 0.9114285707473755 43
1742307281089 0.9171428680419922 44
1742307281172 0.9157142639160156 45
1742307281254 0.918571412563324 46
1742307281338 0.9071428775787354 47
1742307281440 0.9357143044471741 48
1742307281523 0.9371428489685059 49
1742307281606 0.9300000071525574 50
1742307281691 0.9257143139839172 51
1742307281772 0.9371428489685059 52
1742307281870 0.9599999785423279 53
1742307282326 0.9485714435577393 54
1742307282652 0.954285740852356 55
1742307282765 0.9585714340209961 56
1742307282856 0.9599999785423279 57
1742307283321 0.9514285922050476 58
1742307283625 0.9585714340209961 59
1742307283722 0.9614285826683044 60
1742307283822 0.9599999785423279 61
1742307283922 0.9628571271896362 62
1742307284025 0.9728571176528931 63
1742307284108 0.9671428799629211 64
1742307284193 0.9700000286102295 65
1742307284276 0.9857142567634583 66
1742307284368 0.9785714149475098 67
1742307284485 0.9714285731315613 68
1742307284572 0.9714285731315613 69
1742307284680 0.9757142663002014 70
1742307284781 0.9700000286102295 71
1742307284888 0.9785714149475098 72
1742307284971 0.9814285635948181 73
1742307292705 0.7057142853736877 0
1742307293006 0.7085714340209961 1
1742307293088 0.7085714340209961 2
1742307293170 0.7085714340209961 3
1742307293255 0.7085714340209961 4
1742307293357 0.7085714340209961 5
1742307293451 0.7085714340209961 6
1742307293627 0.7085714340209961 7
1742307293738 0.7085714340209961 8
1742307293838 0.7085714340209961 9
1742307293954 0.7085714340209961 10
1742307294121 0.7085714340209961 11
1742307294222 0.7085714340209961 12
1742307294599 0.7085714340209961 13
1742307294845 0.7085714340209961 14
1742307295241 0.7114285826683044 15
1742307295510 0.7114285826683044 16
1742307295598 0.7128571271896362 17
1742307295691 0.7114285826683044 18
1742307295773 0.7114285826683044 19
1742307295869 0.7142857313156128 20
1742307295954 0.7142857313156128 21
1742307296043 0.7157142758369446 22
1742307296121 0.7157142758369446 23
1742307296215 0.7157142758369446 24
1742307296305 0.7200000286102295 25
1742307296687 0.7200000286102295 26
1742307297276 0.7214285731315613 27
1742307297545 0.7214285731315613 28
1742307297639 0.7214285731315613 29
1742307297723 0.7200000286102295 30
1742307297813 0.7200000286102295 31
1742307297909 0.7242857217788696 32
1742307297989 0.7242857217788696 33
1742307298357 0.727142870426178 34
1742307298643 0.7257142663002014 35
1742307298720 0.7257142663002014 36
1742307298824 0.7300000190734863 37
1742307298916 0.7300000190734863 38
1742307298988 0.7357142567634583 39
1742307299092 0.7342857122421265 40
1742307299171 0.7357142567634583 41
1742307299256 0.7371428608894348 42
1742307299354 0.7371428608894348 43
1742307299437 0.7371428608894348 44
1742307299524 0.7385714054107666 45
1742307299612 0.7385714054107666 46
1742307299706 0.7371428608894348 47
1742307299788 0.7371428608894348 48
1742307299874 0.7400000095367432 49
1742307307755 0.6000000238418579 0
1742307308135 0.6971428394317627 1
1742307308545 0.6971428394317627 2
1742307308828 0.6728571653366089 3
1742307309229 0.6957142949104309 4
1742307309487 0.6957142949104309 5
1742307309585 0.691428542137146 6
1742307309672 0.6899999976158142 7
1742307309770 0.7057142853736877 8
1742307309854 0.7157142758369446 9
1742307309954 0.699999988079071 10
1742307310038 0.691428542137146 11
1742307310131 0.699999988079071 12
1742307310221 0.7099999785423279 13
1742307310305 0.699999988079071 14
1742307310408 0.7142857313156128 15
1742307310487 0.7028571367263794 16
1742307310587 0.7200000286102295 17
1742307310671 0.7214285731315613 18
1742307310772 0.7328571677207947 19
1742307317986 0.6714285612106323 0
1742307318437 0.7071428298950195 1
1742307318921 0.7242857217788696 2
1742307319039 0.7457143068313599 3
1742307319474 0.7542856931686401 4
1742307319871 0.7742857336997986 5
1742307319972 0.7842857241630554 6
1742307320354 0.7900000214576721 7
1742307320454 0.8057143092155457 8
1742307320865 0.8257142901420593 9
1742307321288 0.8414285778999329 10
1742307321721 0.8357142806053162 11
1742307321821 0.845714271068573 12
1742307321946 0.8700000047683716 13
1742307322404 0.8799999952316284 14
1742307322504 0.8871428370475769 15
1742307322604 0.9071428775787354 16
1742307322704 0.9200000166893005 17
1742307322905 0.9257143139839172 18
1742307323339 0.9442856907844543 19
1742307323435 0.9471428394317627 20
1742307323536 0.9371428489685059 21
1742307323954 0.9300000071525574 22
1742307324055 0.9428571462631226 23
1742307324148 0.9685714244842529 24
1742307324245 0.9642857313156128 25
1742307324337 0.977142870426178 26
1742307324437 0.9885714054107666 27
1742307324520 0.9900000095367432 28
1742307324627 0.991428554058075 29
1742307324722 0.9971428513526917 30
1742307324821 0.9900000095367432 31
1742307324921 0.9957143068313599 32
1742307325020 0.9857142567634583 33
1742307325104 0.9942857027053833 34
1742307325210 0.9957143068313599 35
1742307325308 0.991428554058075 36
1742307325402 0.9985714554786682 37
