1742307134587 0.0016755639808252454 0
1742307135264 0.0016755639808252454 1
1742307135553 0.0016755639808252454 2
1742307135647 0.0016755639808252454 3
1742307135728 0.0016755639808252454 4
1742307135827 0.0016755639808252454 5
1742307136288 0.0016755639808252454 6
1742307136934 0.0016755639808252454 7
1742307137588 0.0016755639808252454 8
1742307138138 0.0016755639808252454 9
1742307138785 0.0016755639808252454 10
1742307139371 0.0016755639808252454 11
1742307139954 0.0016755639808252454 12
1742307140234 0.0016755639808252454 13
1742307140602 0.0016755639808252454 14
1742307140888 0.0016755639808252454 15
1742307141238 0.0016755639808252454 16
1742307141788 0.0016755639808252454 17
1742307142320 0.0016755639808252454 18
1742307142576 0.0016755639808252454 19
1742307142954 0.0016755639808252454 20
1742307143210 0.0016755639808252454 21
1742307143310 0.0016755639808252454 22
1742307143399 0.0016755639808252454 23
1742307143752 0.0016755639808252454 24
1742307144009 0.0016755639808252454 25
1742307144390 0.0016755639808252454 26
1742307144660 0.0016755639808252454 27
1742307145006 0.0016755639808252454 28
1742307145259 0.0016755639808252454 29
1742307145342 0.0016755639808252454 30
1742307145692 0.0016755639808252454 31
1742307145942 0.0016755639808252454 32
1742307146027 0.0016755639808252454 33
1742307146110 0.0016755639808252454 34
1742307146194 0.0016755639808252454 35
1742307146571 0.0016755639808252454 36
1742307146845 0.0016755639808252454 37
1742307146927 0.0016755639808252454 38
1742307147015 0.0016755639808252454 39
1742307147098 0.0016755639808252454 40
1742307147471 0.0016755639808252454 41
1742307147744 0.0016755639808252454 42
1742307148104 0.0016755639808252454 43
1742307148651 0.0016755639808252454 44
1742307148909 0.0016755639808252454 45
1742307148995 0.0016755639808252454 46
1742307149077 0.0016755639808252454 47
1742307149160 0.0016755639808252454 48
1742307149243 0.0016755639808252454 49
1742307149326 0.0016755639808252454 50
1742307149410 0.0016755639808252454 51
1742307149499 0.0016755639808252454 52
1742307149577 0.0016755639808252454 53
1742307149754 0.0016755639808252454 54
1742307149842 0.0016755639808252454 55
1742307149921 0.0016755639808252454 56
1742307150010 0.0016755639808252454 57
1742307150095 0.0016755639808252454 58
1742307150180 0.0016755639808252454 59
1742307157754 5.5795164371374995e-05 0
1742307158329 5.5795164371374995e-05 1
1742307158632 5.5795164371374995e-05 2
1742307158730 5.5795164371374995e-05 3
1742307158830 5.5795164371374995e-05 4
1742307158932 5.5795164371374995e-05 5
1742307159026 5.5795164371374995e-05 6
1742307159126 5.5795164371374995e-05 7
1742307159234 5.5795164371374995e-05 8
1742307159349 5.5795164371374995e-05 9
1742307159447 5.5795164371374995e-05 10
1742307159538 5.5795164371374995e-05 11
1742307159633 5.5795164371374995e-05 12
1742307159725 5.5795164371374995e-05 13
1742307159818 5.5795164371374995e-05 14
1742307159912 5.5795164371374995e-05 15
1742307160003 5.5795164371374995e-05 16
1742307167988 3.749970710487105e-05 0
1742307168537 3.749970710487105e-05 1
1742307169121 3.749970710487105e-05 2
1742307169665 3.749970710487105e-05 3
1742307169953 3.749970710487105e-05 4
1742307170047 3.749970710487105e-05 5
1742307170130 3.749970710487105e-05 6
1742307170226 3.749970710487105e-05 7
1742307170326 3.749970710487105e-05 8
1742307170418 3.749970710487105e-05 9
1742307170492 3.749970710487105e-05 10
1742307170599 3.749970710487105e-05 11
1742307170675 3.749970710487105e-05 12
1742307170775 3.749970710487105e-05 13
1742307170871 3.749970710487105e-05 14
1742307170958 3.749970710487105e-05 15
1742307171050 3.749970710487105e-05 16
1742307171146 3.749970710487105e-05 17
1742307171225 3.749970710487105e-05 18
1742307180821 0.0042250496335327625 0
1742307181465 0.0042250496335327625 1
1742307182171 0.0042250496335327625 2
1742307182877 0.0042250496335327625 3
1742307183637 0.0042250496335327625 4
1742307184336 0.0042250496335327625 5
1742307185037 0.0042250496335327625 6
1742307185804 0.0042250496335327625 7
1742307186575 0.0042250496335327625 8
1742307186920 0.0042250496335327625 9
1742307187024 0.0042250496335327625 10
1742307187483 0.0042250496335327625 11
1742307187834 0.0042250496335327625 12
1742307187964 0.0042250496335327625 13
1742307188431 0.0042250496335327625 14
1742307188778 0.0042250496335327625 15
1742307188883 0.0042250496335327625 16
1742307188990 0.0042250496335327625 17
1742307189471 0.0042250496335327625 18
1742307189840 0.0042250496335327625 19
1742307189966 0.0042250496335327625 20
1742307190058 0.0042250496335327625 21
1742307190179 0.0042250496335327625 22
1742307190282 0.0042250496335327625 23
1742307190391 0.0042250496335327625 24
1742307190501 0.0042250496335327625 25
1742307190611 0.0042250496335327625 26
1742307190719 0.0042250496335327625 27
1742307190822 0.0042250496335327625 28
1742307190931 0.0042250496335327625 29
1742307191371 0.0042250496335327625 30
1742307191722 0.0042250496335327625 31
1742307192186 0.0042250496335327625 32
1742307192502 0.0042250496335327625 33
1742307192611 0.0042250496335327625 34
1742307192707 0.0042250496335327625 35
1742307192824 0.0042250496335327625 36
1742307192933 0.0042250496335327625 37
1742307193042 0.0042250496335327625 38
1742307193148 0.0042250496335327625 39
1742307193254 0.0042250496335327625 40
1742307193375 0.0042250496335327625 41
1742307193486 0.0042250496335327625 42
1742307193609 0.0042250496335327625 43
1742307193721 0.0042250496335327625 44
1742307193850 0.0042250496335327625 45
1742307193969 0.0042250496335327625 46
1742307194080 0.0042250496335327625 47
1742307202824 0.00017652849783189595 0
1742307203379 0.00017652849783189595 1
1742307203904 0.00017652849783189595 2
1742307204437 0.00017652849783189595 3
1742307204690 0.00017652849783189595 4
1742307205095 0.00017652849783189595 5
1742307205324 0.00017652849783189595 6
1742307205408 0.00017652849783189595 7
1742307205492 0.00017652849783189595 8
1742307205675 0.00017652849783189595 9
1742307205762 0.00017652849783189595 10
1742307205844 0.00017652849783189595 11
1742307205933 0.00017652849783189595 12
1742307206013 0.00017652849783189595 13
1742307206092 0.00017652849783189595 14
1742307206177 0.00017652849783189595 15
1742307206259 0.00017652849783189595 16
1742307206341 0.00017652849783189595 17
1742307206425 0.00017652849783189595 18
1742307206508 0.00017652849783189595 19
1742307206591 0.00017652849783189595 20
1742307214676 0.002452019602060318 0
1742307215208 0.002452019602060318 1
1742307215795 0.002452019602060318 2
1742307216390 0.002452019602060318 3
1742307216685 0.002452019602060318 4
1742307217049 0.002452019602060318 5
1742307217328 0.002452019602060318 6
1742307217704 0.002452019602060318 7
1742307217979 0.002452019602060318 8
1742307218084 0.002452019602060318 9
1742307218184 0.002452019602060318 10
1742307218284 0.002452019602060318 11
1742307218778 0.002452019602060318 12
1742307219388 0.002452019602060318 13
1742307219971 0.002452019602060318 14
1742307220559 0.002452019602060318 15
1742307221140 0.002452019602060318 16
1742307221873 0.002452019602060318 17
1742307222534 0.002452019602060318 18
1742307223187 0.002452019602060318 19
1742307223511 0.002452019602060318 20
1742307223607 0.002452019602060318 21
1742307224057 0.002452019602060318 22
1742307224362 0.002452019602060318 23
1742307224468 0.002452019602060318 24
1742307224579 0.002452019602060318 25
1742307224674 0.002452019602060318 26
1742307225150 0.002452019602060318 27
1742307225497 0.002452019602060318 28
1742307225607 0.002452019602060318 29
1742307225707 0.002452019602060318 30
1742307225817 0.002452019602060318 31
1742307225931 0.002452019602060318 32
1742307226052 0.002452019602060318 33
1742307226166 0.002452019602060318 34
1742307226261 0.002452019602060318 35
1742307226721 0.002452019602060318 36
1742307227055 0.002452019602060318 37
1742307227494 0.002452019602060318 38
1742307227763 0.002452019602060318 39
1742307227862 0.002452019602060318 40
1742307227977 0.002452019602060318 41
1742307228092 0.002452019602060318 42
1742307228192 0.002452019602060318 43
1742307228288 0.002452019602060318 44
1742307228373 0.002452019602060318 45
1742307228473 0.002452019602060318 46
1742307228865 0.002452019602060318 47
1742307229217 0.002452019602060318 48
1742307229342 0.002452019602060318 49
1742307229447 0.002452019602060318 50
1742307229550 0.002452019602060318 51
1742307229669 0.002452019602060318 52
1742307229803 0.002452019602060318 53
1742307229914 0.002452019602060318 54
1742307230007 0.002452019602060318 55
1742307230106 0.002452019602060318 56
1742307230216 0.002452019602060318 57
1742307230310 0.002452019602060318 58
1742307230395 0.002452019602060318 59
1742307230491 0.002452019602060318 60
1742307230593 0.002452019602060318 61
1742307230691 0.002452019602060318 62
1742307238971 0.0021478459239006042 0
1742307239256 0.0021478459239006042 1
1742307239635 0.0021478459239006042 2
1742307240273 0.0021478459239006042 3
1742307240892 0.0021478459239006042 4
1742307241508 0.0021478459239006042 5
1742307241772 0.0021478459239006042 6
1742307242249 0.0021478459239006042 7
1742307242508 0.0021478459239006042 8
1742307242872 0.0021478459239006042 9
1742307243128 0.0021478459239006042 10
1742307243521 0.0021478459239006042 11
1742307243806 0.0021478459239006042 12
1742307243889 0.0021478459239006042 13
1742307244283 0.0021478459239006042 14
1742307244821 0.0021478459239006042 15
1742307245089 0.0021478459239006042 16
1742307245471 0.0021478459239006042 17
1742307245986 0.0021478459239006042 18
1742307246256 0.0021478459239006042 19
1742307246621 0.0021478459239006042 20
1742307247152 0.0021478459239006042 21
1742307247401 0.0021478459239006042 22
1742307247756 0.0021478459239006042 23
1742307248257 0.0021478459239006042 24
1742307248506 0.0021478459239006042 25
1742307248589 0.0021478459239006042 26
1742307248681 0.0021478459239006042 27
1742307249040 0.0021478459239006042 28
1742307249279 0.0021478459239006042 29
1742307249359 0.0021478459239006042 30
1742307249447 0.0021478459239006042 31
1742307249523 0.0021478459239006042 32
1742307249620 0.0021478459239006042 33
1742307249690 0.0021478459239006042 34
1742307249788 0.0021478459239006042 35
1742307249876 0.0021478459239006042 36
1742307250432 0.0021478459239006042 37
1742307250690 0.0021478459239006042 38
1742307250779 0.0021478459239006042 39
1742307250872 0.0021478459239006042 40
1742307250973 0.0021478459239006042 41
1742307251072 0.0021478459239006042 42
1742307251175 0.0021478459239006042 43
1742307251265 0.0021478459239006042 44
1742307251754 0.0021478459239006042 45
1742307252056 0.0021478459239006042 46
1742307252146 0.0021478459239006042 47
1742307252228 0.0021478459239006042 48
1742307252323 0.0021478459239006042 49
1742307252406 0.0021478459239006042 50
1742307252488 0.0021478459239006042 51
1742307252603 0.0021478459239006042 52
1742307253004 0.0021478459239006042 53
1742307253277 0.0021478459239006042 54
1742307253361 0.0021478459239006042 55
1742307253481 0.0021478459239006042 56
1742307253583 0.0021478459239006042 57
1742307253673 0.0021478459239006042 58
1742307253756 0.0021478459239006042 59
1742307253840 0.0021478459239006042 60
1742307253923 0.0021478459239006042 61
1742307254006 0.0021478459239006042 62
1742307254090 0.0021478459239006042 63
1742307254189 0.0021478459239006042 64
1742307254273 0.0021478459239006042 65
1742307254368 0.0021478459239006042 66
1742307254715 0.0021478459239006042 67
1742307255024 0.0021478459239006042 68
1742307255457 0.0021478459239006042 69
1742307255747 0.0021478459239006042 70
1742307255823 0.0021478459239006042 71
1742307255906 0.0021478459239006042 72
1742307255990 0.0021478459239006042 73
1742307256105 0.0021478459239006042 74
1742307256188 0.0021478459239006042 75
1742307256288 0.0021478459239006042 76
1742307256371 0.0021478459239006042 77
1742307256462 0.0021478459239006042 78
1742307256545 0.0021478459239006042 79
1742307256642 0.0021478459239006042 80
1742307256734 0.0021478459239006042 81
1742307256822 0.0021478459239006042 82
1742307256907 0.0021478459239006042 83
1742307257008 0.0021478459239006042 84
1742307264975 0.0010070857824757695 0
1742307265220 0.0010070857824757695 1
1742307265327 0.0010070857824757695 2
1742307265775 0.0010070857824757695 3
1742307266355 0.0010070857824757695 4
1742307266613 0.0010070857824757695 5
1742307266704 0.0010070857824757695 6
1742307266794 0.0010070857824757695 7
1742307267163 0.0010070857824757695 8
1742307267410 0.0010070857824757695 9
1742307267488 0.0010070857824757695 10
1742307267608 0.0010070857824757695 11
1742307268004 0.0010070857824757695 12
1742307269021 0.0010070857824757695 13
1742307269346 0.0010070857824757695 14
1742307269438 0.0010070857824757695 15
1742307269890 0.0010070857824757695 16
1742307270604 0.0010070857824757695 17
1742307271239 0.0010070857824757695 18
1742307271523 0.0010070857824757695 19
1742307271921 0.0010070857824757695 20
1742307272588 0.0010070857824757695 21
1742307273154 0.0010070857824757695 22
1742307273871 0.0010070857824757695 23
1742307274190 0.0010070857824757695 24
1742307274677 0.0010070857824757695 25
1742307275338 0.0010070857824757695 26
1742307275678 0.0010070857824757695 27
1742307275887 0.0010070857824757695 28
1742307275991 0.0010070857824757695 29
1742307276095 0.0010070857824757695 30
1742307276571 0.0010070857824757695 31
1742307277221 0.0010070857824757695 32
1742307277903 0.0010070857824757695 33
1742307278194 0.0010070857824757695 34
1742307278554 0.0010070857824757695 35
1742307278804 0.0010070857824757695 36
1742307279167 0.0010070857824757695 37
1742307279429 0.0010070857824757695 38
1742307279541 0.0010070857824757695 39
1742307279648 0.0010070857824757695 40
1742307280054 0.0010070857824757695 41
1742307280653 0.0010070857824757695 42
1742307280987 0.0010070857824757695 43
1742307281089 0.0010070857824757695 44
1742307281172 0.0010070857824757695 45
1742307281254 0.0010070857824757695 46
1742307281338 0.0010070857824757695 47
1742307281440 0.0010070857824757695 48
1742307281523 0.0010070857824757695 49
1742307281606 0.0010070857824757695 50
1742307281691 0.0010070857824757695 51
1742307281772 0.0010070857824757695 52
1742307281870 0.0010070857824757695 53
1742307282326 0.0010070857824757695 54
1742307282652 0.0010070857824757695 55
1742307282765 0.0010070857824757695 56
1742307282856 0.0010070857824757695 57
1742307283321 0.0010070857824757695 58
1742307283625 0.0010070857824757695 59
1742307283722 0.0010070857824757695 60
1742307283822 0.0010070857824757695 61
1742307283922 0.0010070857824757695 62
1742307284025 0.0010070857824757695 63
1742307284108 0.0010070857824757695 64
1742307284193 0.0010070857824757695 65
1742307284276 0.0010070857824757695 66
1742307284368 0.0010070857824757695 67
1742307284485 0.0010070857824757695 68
1742307284572 0.0010070857824757695 69
1742307284680 0.0010070857824757695 70
1742307284781 0.0010070857824757695 71
1742307284888 0.0010070857824757695 72
1742307284971 0.0010070857824757695 73
1742307292705 7.24120982340537e-05 0
1742307293006 7.24120982340537e-05 1
1742307293088 7.24120982340537e-05 2
1742307293170 7.24120982340537e-05 3
1742307293255 7.24120982340537e-05 4
1742307293357 7.24120982340537e-05 5
1742307293451 7.24120982340537e-05 6
1742307293627 7.24120982340537e-05 7
1742307293738 7.24120982340537e-05 8
1742307293838 7.24120982340537e-05 9
1742307293954 7.24120982340537e-05 10
1742307294121 7.24120982340537e-05 11
1742307294222 7.24120982340537e-05 12
1742307294599 7.24120982340537e-05 13
1742307294845 7.24120982340537e-05 14
1742307295241 7.24120982340537e-05 15
1742307295510 7.24120982340537e-05 16
1742307295598 7.24120982340537e-05 17
1742307295691 7.24120982340537e-05 18
1742307295773 7.24120982340537e-05 19
1742307295869 7.24120982340537e-05 20
1742307295954 7.24120982340537e-05 21
1742307296043 7.24120982340537e-05 22
1742307296121 7.24120982340537e-05 23
1742307296215 7.24120982340537e-05 24
1742307296305 7.24120982340537e-05 25
1742307296687 7.24120982340537e-05 26
1742307297276 7.24120982340537e-05 27
1742307297545 7.24120982340537e-05 28
1742307297639 7.24120982340537e-05 29
1742307297723 7.24120982340537e-05 30
1742307297813 7.24120982340537e-05 31
1742307297909 7.24120982340537e-05 32
1742307297989 7.24120982340537e-05 33
1742307298357 7.24120982340537e-05 34
1742307298643 7.24120982340537e-05 35
1742307298720 7.24120982340537e-05 36
1742307298824 7.24120982340537e-05 37
1742307298916 7.24120982340537e-05 38
1742307298988 7.24120982340537e-05 39
1742307299092 7.24120982340537e-05 40
1742307299171 7.24120982340537e-05 41
1742307299256 7.24120982340537e-05 42
1742307299354 7.24120982340537e-05 43
1742307299437 7.24120982340537e-05 44
1742307299524 7.24120982340537e-05 45
1742307299612 7.24120982340537e-05 46
1742307299706 7.24120982340537e-05 47
1742307299788 7.24120982340537e-05 48
1742307299874 7.24120982340537e-05 49
1742307307755 0.00036995942355133593 0
1742307308135 0.00036995942355133593 1
1742307308545 0.00036995942355133593 2
1742307308828 0.00036995942355133593 3
1742307309229 0.00036995942355133593 4
1742307309487 0.00036995942355133593 5
1742307309585 0.00036995942355133593 6
1742307309672 0.00036995942355133593 7
1742307309770 0.00036995942355133593 8
1742307309854 0.00036995942355133593 9
1742307309954 0.00036995942355133593 10
1742307310038 0.00036995942355133593 11
1742307310131 0.00036995942355133593 12
1742307310221 0.00036995942355133593 13
1742307310305 0.00036995942355133593 14
1742307310408 0.00036995942355133593 15
1742307310487 0.00036995942355133593 16
1742307310587 0.00036995942355133593 17
1742307310671 0.00036995942355133593 18
1742307310772 0.00036995942355133593 19
1742307317986 0.0042250496335327625 0
1742307318437 0.0042250496335327625 1
1742307318921 0.0042250496335327625 2
1742307319039 0.0042250496335327625 3
1742307319474 0.0042250496335327625 4
1742307319871 0.0042250496335327625 5
1742307319972 0.0042250496335327625 6
1742307320354 0.0042250496335327625 7
1742307320454 0.0042250496335327625 8
1742307320865 0.0042250496335327625 9
1742307321288 0.0042250496335327625 10
1742307321721 0.0042250496335327625 11
1742307321821 0.0042250496335327625 12
1742307321946 0.0042250496335327625 13
1742307322404 0.0042250496335327625 14
1742307322504 0.0042250496335327625 15
1742307322604 0.0042250496335327625 16
1742307322704 0.0042250496335327625 17
1742307322905 0.0042250496335327625 18
1742307323339 0.0042250496335327625 19
1742307323435 0.0042250496335327625 20
1742307323536 0.0042250496335327625 21
1742307323954 0.0042250496335327625 22
1742307324055 0.0042250496335327625 23
1742307324148 0.0042250496335327625 24
1742307324245 0.0042250496335327625 25
1742307324337 0.0042250496335327625 26
1742307324437 0.0042250496335327625 27
1742307324520 0.0042250496335327625 28
1742307324627 0.0042250496335327625 29
1742307324722 0.0042250496335327625 30
1742307324821 0.0042250496335327625 31
1742307324921 0.0042250496335327625 32
1742307325020 0.0042250496335327625 33
1742307325104 0.0042250496335327625 34
1742307325210 0.0042250496335327625 35
1742307325308 0.0042250496335327625 36
1742307325402 0.0042250496335327625 37
