1742307134587 0.6029642224311829 0
1742307135264 0.5823253989219666 1
1742307135553 0.5670504570007324 2
1742307135647 0.5621030330657959 3
1742307135728 0.5391923785209656 4
1742307135827 0.520219087600708 5
1742307136288 0.5124828815460205 6
1742307136934 0.4936956465244293 7
1742307137588 0.49001413583755493 8
1742307138138 0.47426095604896545 9
1742307138785 0.47016122937202454 10
1742307139371 0.4571986198425293 11
1742307139954 0.44918882846832275 12
1742307140234 0.44936755299568176 13
1742307140602 0.44444790482521057 14
1742307140888 0.44516417384147644 15
1742307141238 0.4187489449977875 16
1742307141788 0.42554548382759094 17
1742307142320 0.4083358347415924 18
1742307142576 0.395270437002182 19
1742307142954 0.38817548751831055 20
1742307143210 0.3889075517654419 21
1742307143310 0.3799091875553131 22
1742307143399 0.37414851784706116 23
1742307143752 0.35293227434158325 24
1742307144009 0.35236138105392456 25
1742307144390 0.3341284692287445 26
1742307144660 0.3280067443847656 27
1742307145006 0.33329012989997864 28
1742307145259 0.32518914341926575 29
1742307145342 0.310671329498291 30
1742307145692 0.29090967774391174 31
1742307145942 0.29258257150650024 32
1742307146027 0.2823174297809601 33
1742307146110 0.27432844042778015 34
1742307146194 0.28154897689819336 35
1742307146571 0.26172617077827454 36
1742307146845 0.2538604140281677 37
1742307146927 0.23954175412654877 38
1742307147015 0.23424771428108215 39
1742307147098 0.2323279082775116 40
1742307147471 0.24090951681137085 41
1742307147744 0.20915180444717407 42
1742307148104 0.2218114733695984 43
1742307148651 0.20461003482341766 44
1742307148909 0.21094639599323273 45
1742307148995 0.1988522708415985 46
1742307149077 0.18278607726097107 47
1742307149160 0.18794085085391998 48
1742307149243 0.1906542330980301 49
1742307149326 0.17646946012973785 50
1742307149410 0.1729777306318283 51
1742307149499 0.17344164848327637 52
1742307149577 0.17090068757534027 53
1742307149754 0.16956643760204315 54
1742307149842 0.15878939628601074 55
1742307149921 0.16078883409500122 56
1742307150010 0.1555291712284088 57
1742307150095 0.15135322511196136 58
1742307150180 0.1437477022409439 59
1742307157754 0.7307011485099792 0
1742307158329 0.685153603553772 1
1742307158632 0.650448203086853 2
1742307158730 0.641271710395813 3
1742307158830 0.6310773491859436 4
1742307158932 0.6177218556404114 5
1742307159026 0.6061983108520508 6
1742307159126 0.6292331218719482 7
1742307159234 0.6262089610099792 8
1742307159349 0.6035094857215881 9
1742307159447 0.6266038417816162 10
1742307159538 0.6172502636909485 11
1742307159633 0.6047060489654541 12
1742307159725 0.6055845618247986 13
1742307159818 0.6216539740562439 14
1742307159912 0.6173340082168579 15
1742307160003 0.6155213117599487 16
1742307167988 0.7312033176422119 0
1742307168537 0.681679368019104 1
1742307169121 0.6849365234375 2
1742307169665 0.6716133952140808 3
1742307169953 0.6580923795700073 4
1742307170047 0.671200692653656 5
1742307170130 0.6486292481422424 6
1742307170226 0.6524896025657654 7
1742307170326 0.6395333409309387 8
1742307170418 0.6526312828063965 9
1742307170492 0.6148803234100342 10
1742307170599 0.6389248967170715 11
1742307170675 0.657983124256134 12
1742307170775 0.6299597024917603 13
1742307170871 0.6285659074783325 14
1742307170958 0.6304386854171753 15
1742307171050 0.6359528303146362 16
1742307171146 0.6236163973808289 17
1742307171225 0.6601925492286682 18
1742307180821 0.6385545134544373 0
1742307181465 0.5715010166168213 1
1742307182171 0.5331311821937561 2
1742307182877 0.4803778827190399 3
1742307183637 0.47365882992744446 4
1742307184336 0.44610002636909485 5
1742307185037 0.43130651116371155 6
1742307185804 0.4053258001804352 7
1742307186575 0.38614845275878906 8
1742307186920 0.35690417885780334 9
1742307187024 0.34036558866500854 10
1742307187483 0.31049874424934387 11
1742307187834 0.2954599857330322 12
1742307187964 0.2780763506889343 13
1742307188431 0.2725163400173187 14
1742307188778 0.23996815085411072 15
1742307188883 0.2559974491596222 16
1742307188990 0.19479545950889587 17
1742307189471 0.16963976621627808 18
1742307189840 0.15498077869415283 19
1742307189966 0.144553542137146 20
1742307190058 0.11251727491617203 21
1742307190179 0.08667385578155518 22
1742307190282 0.0743255689740181 23
1742307190391 0.06187548488378525 24
1742307190501 0.05258902534842491 25
1742307190611 0.0576469786465168 26
1742307190719 0.058460455387830734 27
1742307190822 0.0435035340487957 28
1742307190931 0.02883617766201496 29
1742307191371 0.02850572019815445 30
1742307191722 0.02308165468275547 31
1742307192186 0.0272591020911932 32
1742307192502 0.020366499200463295 33
1742307192611 0.016113406047225 34
1742307192707 0.02617591619491577 35
1742307192824 0.02909700945019722 36
1742307192933 0.0388568751513958 37
1742307193042 0.05460604652762413 38
1742307193148 0.034044574946165085 39
1742307193254 0.04540560021996498 40
1742307193375 0.026910003274679184 41
1742307193486 0.0225168839097023 42
1742307193609 0.014774484559893608 43
1742307193721 0.007705196738243103 44
1742307193850 0.010243184864521027 45
1742307193969 0.010115619748830795 46
1742307194080 0.00783168151974678 47
1742307202824 0.722400426864624 0
1742307203379 0.7005577087402344 1
1742307203904 0.68748939037323 2
1742307204437 0.6691327095031738 3
1742307204690 0.654968798160553 4
1742307205095 0.6502615213394165 5
1742307205324 0.6441748738288879 6
1742307205408 0.6339054703712463 7
1742307205492 0.6257816553115845 8
1742307205675 0.6263391971588135 9
1742307205762 0.6205826997756958 10
1742307205844 0.6177400946617126 11
1742307205933 0.6145015358924866 12
1742307206013 0.6077357530593872 13
1742307206092 0.6062126755714417 14
1742307206177 0.6053618788719177 15
1742307206259 0.6023232936859131 16
1742307206341 0.6036529541015625 17
1742307206425 0.6008251309394836 18
1742307206508 0.5982806086540222 19
1742307206591 0.5948116183280945 20
1742307214676 0.7503357529640198 0
1742307215208 0.6475818157196045 1
1742307215795 0.5870540738105774 2
1742307216390 0.5766212344169617 3
1742307216685 0.5464466214179993 4
1742307217049 0.5285773277282715 5
1742307217328 0.5001729726791382 6
1742307217704 0.4852703809738159 7
1742307217979 0.49372535943984985 8
1742307218084 0.47093454003334045 9
1742307218184 0.47324222326278687 10
1742307218284 0.4578450620174408 11
1742307218778 0.44851160049438477 12
1742307219388 0.44272381067276 13
1742307219971 0.4333193898200989 14
1742307220559 0.4094373285770416 15
1742307221140 0.40224966406822205 16
1742307221873 0.3932168185710907 17
1742307222534 0.3861050307750702 18
1742307223187 0.37764957547187805 19
1742307223511 0.3588021397590637 20
1742307223607 0.3341086804866791 21
1742307224057 0.33403506875038147 22
1742307224362 0.3102588653564453 23
1742307224468 0.3133566975593567 24
1742307224579 0.3025640845298767 25
1742307224674 0.28638654947280884 26
1742307225150 0.2828935384750366 27
1742307225497 0.2675633728504181 28
1742307225607 0.25136739015579224 29
1742307225707 0.23159177601337433 30
1742307225817 0.2242301106452942 31
1742307225931 0.23839955031871796 32
1742307226052 0.21876491606235504 33
1742307226166 0.22680337727069855 34
1742307226261 0.20493079721927643 35
1742307226721 0.18015621602535248 36
1742307227055 0.16997985541820526 37
1742307227494 0.1522902399301529 38
1742307227763 0.1736188679933548 39
1742307227862 0.14160487055778503 40
1742307227977 0.15613889694213867 41
1742307228092 0.13457976281642914 42
1742307228192 0.12214250862598419 43
1742307228288 0.10970879346132278 44
1742307228373 0.10850748419761658 45
1742307228473 0.10100477933883667 46
1742307228865 0.08890420943498611 47
1742307229217 0.10820788890123367 48
1742307229342 0.10582836717367172 49
1742307229447 0.09190274029970169 50
1742307229550 0.09875744581222534 51
1742307229669 0.07905486226081848 52
1742307229803 0.09082686901092529 53
1742307229914 0.08166563510894775 54
1742307230007 0.060288865119218826 55
1742307230106 0.05919875577092171 56
1742307230216 0.0670768991112709 57
1742307230310 0.0633026584982872 58
1742307230395 0.058462779968976974 59
1742307230491 0.07325002551078796 60
1742307230593 0.07475294172763824 61
1742307230691 0.08081250637769699 62
1742307238971 0.6568710803985596 0
1742307239256 0.5944239497184753 1
1742307239635 0.6037907004356384 2
1742307240273 0.5739437937736511 3
1742307240892 0.5573261380195618 4
1742307241508 0.5473336577415466 5
1742307241772 0.5296720862388611 6
1742307242249 0.5047462582588196 7
1742307242508 0.48983991146087646 8
1742307242872 0.5012788772583008 9
1742307243128 0.49166181683540344 10
1742307243521 0.4655968248844147 11
1742307243806 0.4684443473815918 12
1742307243889 0.45861005783081055 13
1742307244283 0.45191043615341187 14
1742307244821 0.44861656427383423 15
1742307245089 0.4595159888267517 16
1742307245471 0.42985594272613525 17
1742307245986 0.441382497549057 18
1742307246256 0.4264817535877228 19
1742307246621 0.4114515781402588 20
1742307247152 0.40084120631217957 21
1742307247401 0.3883960545063019 22
1742307247756 0.3924943208694458 23
1742307248257 0.3868527114391327 24
1742307248506 0.38308215141296387 25
1742307248589 0.3633359670639038 26
1742307248681 0.3581530451774597 27
1742307249040 0.351679265499115 28
1742307249279 0.3432513177394867 29
1742307249359 0.32375866174697876 30
1742307249447 0.3214292824268341 31
1742307249523 0.3258625268936157 32
1742307249620 0.3199349045753479 33
1742307249690 0.29647231101989746 34
1742307249788 0.29211899638175964 35
1742307249876 0.282988965511322 36
1742307250432 0.30079182982444763 37
1742307250690 0.2604215145111084 38
1742307250779 0.2792811393737793 39
1742307250872 0.2618868947029114 40
1742307250973 0.23324859142303467 41
1742307251072 0.23526985943317413 42
1742307251175 0.2418413609266281 43
1742307251265 0.2265053689479828 44
1742307251754 0.20896181464195251 45
1742307252056 0.22329694032669067 46
1742307252146 0.19917833805084229 47
1742307252228 0.203599750995636 48
1742307252323 0.19991320371627808 49
1742307252406 0.16766545176506042 50
1742307252488 0.16906313598155975 51
1742307252603 0.17214155197143555 52
1742307253004 0.17862938344478607 53
1742307253277 0.15262433886528015 54
1742307253361 0.14881615340709686 55
1742307253481 0.14095988869667053 56
1742307253583 0.13536186516284943 57
1742307253673 0.15115678310394287 58
1742307253756 0.12377931922674179 59
1742307253840 0.13684135675430298 60
1742307253923 0.13020572066307068 61
1742307254006 0.11388470232486725 62
1742307254090 0.11444536596536636 63
1742307254189 0.11563432216644287 64
1742307254273 0.09237440675497055 65
1742307254368 0.1010325700044632 66
1742307254715 0.10473357886075974 67
1742307255024 0.09531878679990768 68
1742307255457 0.08874322474002838 69
1742307255747 0.09628307819366455 70
1742307255823 0.08373308181762695 71
1742307255906 0.09987633675336838 72
1742307255990 0.08766139298677444 73
1742307256105 0.0961366593837738 74
1742307256188 0.08190686255693436 75
1742307256288 0.07809509336948395 76
1742307256371 0.06855421513319016 77
1742307256462 0.09265179187059402 78
1742307256545 0.0741238221526146 79
1742307256642 0.05940653756260872 80
1742307256734 0.07363215833902359 81
1742307256822 0.054505981504917145 82
1742307256907 0.07003656029701233 83
1742307257008 0.06206193193793297 84
1742307264975 0.7693859934806824 0
1742307265220 0.6062682867050171 1
1742307265327 0.6101279854774475 2
1742307265775 0.5809426307678223 3
1742307266355 0.5683813691139221 4
1742307266613 0.5567679405212402 5
1742307266704 0.5526067018508911 6
1742307266794 0.5406596064567566 7
1742307267163 0.5262664556503296 8
1742307267410 0.5154591798782349 9
1742307267488 0.4945337474346161 10
1742307267608 0.48090487718582153 11
1742307268004 0.474354088306427 12
1742307269021 0.46775391697883606 13
1742307269346 0.4654790759086609 14
1742307269438 0.45315954089164734 15
1742307269890 0.4455876350402832 16
1742307270604 0.4388258457183838 17
1742307271239 0.43789491057395935 18
1742307271523 0.4237283766269684 19
1742307271921 0.4204711616039276 20
1742307272588 0.41840213537216187 21
1742307273154 0.40375885367393494 22
1742307273871 0.39841392636299133 23
1742307274190 0.3895089626312256 24
1742307274677 0.38684844970703125 25
1742307275338 0.37356331944465637 26
1742307275678 0.36099645495414734 27
1742307275887 0.36064833402633667 28
1742307275991 0.3541558086872101 29
1742307276095 0.34607815742492676 30
1742307276571 0.32925593852996826 31
1742307277221 0.3214268684387207 32
1742307277903 0.32447755336761475 33
1742307278194 0.3075874447822571 34
1742307278554 0.3000573217868805 35
1742307278804 0.2858048677444458 36
1742307279167 0.2770223617553711 37
1742307279429 0.2705654799938202 38
1742307279541 0.25949734449386597 39
1742307279648 0.2576569616794586 40
1742307280054 0.2570511996746063 41
1742307280653 0.2457413226366043 42
1742307280987 0.22536487877368927 43
1742307281089 0.22256511449813843 44
1742307281172 0.20461559295654297 45
1742307281254 0.20356805622577667 46
1742307281338 0.2090810090303421 47
1742307281440 0.18590494990348816 48
1742307281523 0.17834292352199554 49
1742307281606 0.17682264745235443 50
1742307281691 0.1712253838777542 51
1742307281772 0.1596093773841858 52
1742307281870 0.15149280428886414 53
1742307282326 0.1501295417547226 54
1742307282652 0.13905587792396545 55
1742307282765 0.13811713457107544 56
1742307282856 0.12516137957572937 57
1742307283321 0.1316571831703186 58
1742307283625 0.1249552071094513 59
1742307283722 0.12107611447572708 60
1742307283822 0.11296825110912323 61
1742307283922 0.10686306655406952 62
1742307284025 0.10314536839723587 63
1742307284108 0.09380330890417099 64
1742307284193 0.0952075943350792 65
1742307284276 0.08356353640556335 66
1742307284368 0.07994918525218964 67
1742307284485 0.08115503937005997 68
1742307284572 0.07723955065011978 69
1742307284680 0.08203722536563873 70
1742307284781 0.07757524400949478 71
1742307284888 0.07323646545410156 72
1742307284971 0.07797118276357651 73
1742307292705 0.6277770400047302 0
1742307293006 0.608294665813446 1
1742307293088 0.59799724817276 2
1742307293170 0.5930793881416321 3
1742307293255 0.5902108550071716 4
1742307293357 0.5877296924591064 5
1742307293451 0.5852526426315308 6
1742307293627 0.5829506516456604 7
1742307293738 0.5809237360954285 8
1742307293838 0.5791417360305786 9
1742307293954 0.5775020718574524 10
1742307294121 0.575942873954773 11
1742307294222 0.5744470357894897 12
1742307294599 0.5730112791061401 13
1742307294845 0.5716467499732971 14
1742307295241 0.5703427195549011 15
1742307295510 0.5690777897834778 16
1742307295598 0.5678343176841736 17
1742307295691 0.5666008591651917 18
1742307295773 0.565373420715332 19
1742307295869 0.5641651749610901 20
1742307295954 0.5629733204841614 21
1742307296043 0.5617939829826355 22
1742307296121 0.5606184601783752 23
1742307296215 0.5594402551651001 24
1742307296305 0.5582498908042908 25
1742307296687 0.5570465326309204 26
1742307297276 0.5558339357376099 27
1742307297545 0.5546067357063293 28
1742307297639 0.553368091583252 29
1742307297723 0.5521060824394226 30
1742307297813 0.5508172512054443 31
1742307297909 0.5495004653930664 32
1742307297989 0.5481505393981934 33
1742307298357 0.5467637777328491 34
1742307298643 0.5453317761421204 35
1742307298720 0.5438595414161682 36
1742307298824 0.542352020740509 37
1742307298916 0.5408159494400024 38
1742307298988 0.5392458438873291 39
1742307299092 0.5376543402671814 40
1742307299171 0.5360308885574341 41
1742307299256 0.5343714952468872 42
1742307299354 0.5326769351959229 43
1742307299437 0.5309479832649231 44
1742307299524 0.5291921496391296 45
1742307299612 0.5274106860160828 46
1742307299706 0.5256039500236511 47
1742307299788 0.5237630009651184 48
1742307299874 0.5218889117240906 49
1742307307755 0.6998432874679565 0
1742307308135 0.646763026714325 1
1742307308545 0.6354936957359314 2
1742307308828 0.6300376653671265 3
1742307309229 0.6129332780838013 4
1742307309487 0.6179623007774353 5
1742307309585 0.6063226461410522 6
1742307309672 0.6004306077957153 7
1742307309770 0.6175863146781921 8
1742307309854 0.5857543349266052 9
1742307309954 0.6039319634437561 10
1742307310038 0.5869529843330383 11
1742307310131 0.5866169333457947 12
1742307310221 0.5761954188346863 13
1742307310305 0.585780918598175 14
1742307310408 0.5783517956733704 15
1742307310487 0.5933616161346436 16
1742307310587 0.5813942551612854 17
1742307310671 0.5687769055366516 18
1742307310772 0.5648189783096313 19
1742307317986 0.7230644226074219 0
1742307318437 0.5918641686439514 1
1742307318921 0.5685082077980042 2
1742307319039 0.5309224128723145 3
1742307319474 0.496454656124115 4
1742307319871 0.4686419367790222 5
1742307319972 0.449631005525589 6
1742307320354 0.4385601282119751 7
1742307320454 0.41635337471961975 8
1742307320865 0.405019611120224 9
1742307321288 0.37593767046928406 10
1742307321721 0.3517320156097412 11
1742307321821 0.3383176326751709 12
1742307321946 0.31272444128990173 13
1742307322404 0.2812718152999878 14
1742307322504 0.25857093930244446 15
1742307322604 0.2246331125497818 16
1742307322704 0.2055029571056366 17
1742307322905 0.18229801952838898 18
1742307323339 0.15590304136276245 19
1742307323435 0.15289005637168884 20
1742307323536 0.17870578169822693 21
1742307323954 0.15782587230205536 22
1742307324055 0.13546213507652283 23
1742307324148 0.10177556425333023 24
1742307324245 0.08604823052883148 25
1742307324337 0.07015033811330795 26
1742307324437 0.0493614636361599 27
1742307324520 0.04481484368443489 28
1742307324627 0.031776685267686844 29
1742307324722 0.0256561990827322 30
1742307324821 0.03371160849928856 31
1742307324921 0.02464090846478939 32
1742307325020 0.035752832889556885 33
1742307325104 0.02028636820614338 34
1742307325210 0.02042347565293312 35
1742307325308 0.026774007827043533 36
1742307325402 0.01827099174261093 37
